0 1138 1177 1219 1261 1220 1183 1613 1642 1656 1671 1686 1701 1728 1692 1628 1648 1772 1814 1878 1934 1872 1831 1928 1963 1958 1938 1897 1858 1893 1871 1890 1929 1949 2024 1926 1907 1869 2001 1615 1687 1812 1830 1866 1922 1978 2017 2096 2131 2092 2053 2014 1976 1939 1884 1866 1813 1832 1884 1902 1956 1993 2167 2124 2048 1974 1920 1903 1851 1943 1870 1921 1938 1992 2028 2103 2122 2141 2215 2196 2101 2028 2010 1957 1906 1908 1976 2028 2064 2082 2213 2232 2192 2173 2154 2118 2064 2046 1994 1944 2190 2209 2263 2282 2320 2378 2397 2477 2473 2453 2433 2394 2375 2356 2424 2443 2462 2499 2518 2538 2478 2441 2560 2645 2703 2733 2782 2829 2814 2775 2755 2772 2791 2788 2808 2827 2900 2721 2639 2805 2824 2822 2841 2879 2877 2858 2839 2856 2875 2913 2951 2892 2874 2678 2695 2712 2729 2747 2782 2859 2891 2909 3004 3042 3100 3119 2462 2568 2687 2766 2920 2989 3789 3860 3880 3810 3899 3972 4020 3979 3882 3799 3890 3987 4035 4236 4163 3951 3880 3906 3977 4188 4260 4013 4098 4172 4153 4079 
1138 0 76 152 160 91 50 485 521 540 559 579 599 772 743 736 762 914 965 1041 1046 970 920 1023 1052 1031 1006 956 906 936 893 917 967 991 1071 949 924 875 1029 622 651 773 797 844 915 987 1036 1133 1165 1116 1068 1020 972 924 853 830 761 772 840 863 933 981 1197 1132 1037 943 874 851 784 897 797 863 886 954 1000 1094 1117 1141 1221 1198 1080 988 965 898 832 824 910 977 1022 1045 1207 1231 1170 1147 1124 1079 1011 989 923 859 1158 1181 1238 1261 1307 1377 1400 1495 1481 1457 1434 1387 1364 1341 1386 1408 1431 1476 1499 1522 1438 1394 1523 1624 1692 1727 1784 1839 1806 1760 1737 1749 1772 1761 1783 1806 1887 1679 1581 1773 1796 1786 1808 1852 1843 1821 1799 1812 1833 1877 1921 1847 1825 1590 1610 1630 1651 1671 1712 1801 1839 1860 1969 2013 2079 2102 1528 1651 1681 1774 1944 1990 3100 3174 3175 3102 3178 3254 3305 3256 3154 3061 3156 3257 3308 3491 3415 3192 3116 3125 3200 3423 3498 3304 3402 3478 3477 3400 
1177 76 0 76 91 50 91 436 468 485 502 521 540 697 668 660 685 838 889 965 970 894 844 948 977 956 931 881 832 862 819 844 893 917 998 875 851 803 956 548 580 704 727 773 844 915 963 1060 1092 1044 996 948 900 853 784 761 693 705 772 795 863 910 1124 1061 967 874 806 784 718 829 732 797 819 886 931 1023 1047 1070 1150 1127 1011 920 898 832 767 762 845 910 954 977 1137 1160 1101 1079 1056 1011 945 923 859 797 1090 1113 1170 1192 1238 1307 1330 1424 1410 1387 1364 1318 1295 1272 1320 1342 1364 1408 1431 1454 1372 1328 1457 1556 1624 1658 1715 1769 1737 1692 1670 1682 1704 1694 1717 1739 1820 1614 1518 1707 1729 1720 1742 1786 1777 1755 1733 1747 1768 1812 1855 1782 1761 1531 1551 1570 1590 1610 1651 1738 1775 1796 1903 1947 2013 2035 1454 1577 1613 1704 1874 1922 3024 3098 3099 3026 3102 3178 3229 3179 3078 2985 3080 3181 3232 3415 3339 3116 3040 3049 3125 3347 3423 3228 3325 3402 3400 3324 
1219 152 76 0 50 91 160 397 422 436 452 468 485 622 592 584 609 761 812 888 894 819 768 872 901 881 856 807 757 788 747 771 819 844 924 803 779 731 883 474 511 636 658 704 773 844 891 987 1020 972 924 877 830 784 715 693 627 641 705 727 795 840 1052 990 897 806 740 718 655 763 670 732 753 819 863 954 977 1000 1080 1057 942 853 832 767 706 702 782 845 888 910 1068 1091 1033 1011 989 945 880 859 797 738 1023 1046 1102 1125 1170 1238 1261 1354 1341 1318 1295 1249 1226 1204 1254 1276 1298 1342 1364 1386 1307 1264 1391 1490 1556 1590 1647 1700 1670 1625 1603 1616 1638 1629 1651 1672 1753 1549 1455 1642 1664 1655 1677 1720 1712 1690 1669 1683 1704 1747 1790 1718 1698 1474 1493 1512 1531 1551 1590 1676 1712 1733 1839 1882 1947 1969 1381 1503 1545 1635 1804 1853 2948 3022 3023 2949 3026 3102 3153 3103 3002 2909 3004 3105 3156 3339 3263 3040 2965 2974 3049 3271 3347 3152 3249 3325 3324 3248 
1261 160 91 50 0 76 152 352 381 396 413 431 449 614 586 586 611 763 814 890 890 814 763 866 894 872 847 797 747 777 733 757 807 832 911 788 764 715 868 463 490 613 637 683 755 827 875 973 1004 956 907 859 811 764 693 670 602 614 681 704 773 820 1036 972 877 784 715 693 627 738 641 705 727 795 840 933 957 981 1061 1037 920 829 806 740 676 670 753 819 863 886 1047 1070 1011 988 965 920 853 832 767 706 999 1022 1079 1101 1147 1217 1240 1334 1320 1297 1274 1227 1204 1181 1228 1250 1273 1317 1340 1363 1280 1237 1365 1465 1533 1567 1625 1679 1647 1601 1579 1591 1613 1603 1625 1648 1729 1522 1426 1616 1638 1629 1651 1694 1685 1664 1642 1655 1677 1720 1764 1690 1669 1440 1460 1479 1499 1519 1559 1647 1683 1704 1812 1855 1921 1944 1367 1490 1522 1614 1784 1831 2948 3022 3022 2948 3024 3100 3151 3101 2999 2905 3001 3102 3153 3335 3259 3036 2960 2967 3043 3266 3341 3150 3248 3324 3324 3248 
1220 91 50 91 76 0 76 396 431 449 468 487 507 690 662 662 687 839 890 966 966 890 839 942 970 948 923 872 822 851 807 832 881 906 986 862 837 788 942 538 562 683 707 755 827 900 949 1047 1078 1029 980 931 883 835 764 740 670 681 750 773 844 891 1109 1044 948 853 784 761 693 806 705 772 795 863 910 1004 1028 1052 1132 1108 990 897 874 806 740 732 819 886 931 954 1117 1141 1080 1057 1034 988 920 898 832 767 1068 1091 1147 1170 1217 1287 1311 1406 1391 1367 1344 1297 1274 1250 1295 1317 1340 1385 1408 1431 1347 1302 1432 1533 1602 1636 1694 1749 1715 1669 1647 1658 1681 1670 1692 1715 1797 1587 1490 1682 1704 1694 1717 1761 1751 1729 1707 1720 1742 1786 1830 1755 1733 1499 1519 1539 1559 1579 1621 1710 1747 1768 1877 1921 1988 2011 1441 1564 1591 1684 1854 1900 3024 3098 3098 3024 3100 3176 3227 3177 3076 2982 3077 3178 3229 3411 3335 3112 3036 3043 3119 3341 3417 3226 3324 3401 3401 3324 
1183 50 91 160 152 76 0 449 487 507 528 549 570 765 738 738 763 915 966 1042 1042 966 915 1018 1046 1023 998 948 898 927 881 906 956 981 1061 936 911 862 1016 614 634 755 779 827 900 973 1022 1121 1151 1102 1053 1004 956 907 835 811 740 750 820 844 915 963 1182 1116 1020 924 853 830 761 876 772 840 863 933 981 1076 1100 1124 1204 1180 1061 967 943 874 806 797 886 954 1000 1023 1189 1213 1150 1127 1103 1057 988 965 898 832 1137 1160 1217 1240 1287 1358 1382 1478 1462 1438 1415 1367 1344 1320 1363 1385 1408 1454 1477 1500 1414 1369 1499 1602 1671 1706 1764 1819 1784 1738 1715 1726 1749 1737 1760 1783 1865 1654 1555 1749 1772 1761 1783 1828 1818 1796 1773 1786 1808 1852 1897 1821 1799 1559 1579 1600 1621 1641 1683 1774 1812 1833 1944 1988 2056 2078 1515 1639 1660 1754 1925 1969 3101 3174 3174 3101 3176 3252 3303 3253 3152 3058 3153 3254 3305 3487 3411 3187 3112 3119 3195 3417 3493 3302 3401 3477 3477 3401 
1613 485 436 397 352 396 449 0 50 76 101 127 152 488 479 540 559 683 727 795 755 683 637 722 739 708 683 635 586 603 548 573 622 647 718 592 567 518 664 361 306 384 409 460 535 611 662 763 787 737 686 635 584 534 457 432 356 355 431 457 533 584 812 737 635 534 457 432 356 477 359 434 460 535 586 687 713 738 816 791 664 563 538 463 388 369 468 542 592 618 793 819 747 722 697 647 573 548 474 401 727 752 807 832 881 956 981 1081 1061 1036 1011 961 936 911 939 963 987 1036 1060 1085 988 941 1073 1180 1253 1289 1350 1407 1365 1317 1293 1302 1325 1311 1334 1358 1442 1222 1118 1320 1344 1330 1354 1400 1387 1364 1341 1351 1374 1421 1467 1385 1363 1113 1134 1155 1176 1198 1241 1335 1374 1397 1511 1557 1627 1651 1144 1271 1245 1343 1517 1550 2791 2864 2856 2783 2852 2928 2978 2926 2825 2728 2823 2924 2975 3147 3070 2847 2771 2770 2847 3070 3147 2980 3082 3158 3165 3089 
1642 521 468 422 381 431 487 50 0 25 50 76 101 444 436 502 521 641 683 750 707 637 590 674 690 659 634 586 538 554 499 523 573 597 668 542 518 468 614 323 261 334 359 409 485 561 611 713 737 686 635 584 534 483 407 381 305 304 381 406 482 533 762 686 584 483 407 381 305 427 309 384 409 485 535 637 662 687 765 740 614 513 488 413 338 321 418 493 542 567 743 768 697 672 647 597 523 499 425 353 677 702 757 782 832 906 931 1031 1011 986 961 911 887 862 891 915 939 987 1012 1036 941 893 1025 1132 1204 1241 1301 1358 1317 1269 1245 1254 1278 1264 1287 1311 1395 1176 1073 1274 1297 1284 1307 1354 1341 1318 1295 1306 1329 1374 1421 1340 1317 1071 1092 1113 1134 1155 1198 1290 1329 1352 1465 1511 1580 1604 1093 1220 1197 1294 1468 1502 2741 2814 2806 2732 2801 2877 2928 2875 2774 2677 2772 2874 2924 3096 3020 2796 2720 2720 2796 3020 3096 2929 3031 3107 3114 3039 
1656 540 485 436 396 449 507 76 25 0 25 50 76 422 416 485 502 620 662 727 683 613 567 651 666 635 610 562 514 530 474 499 548 573 643 518 493 443 589 305 239 309 334 384 460 535 586 687 711 660 610 559 508 457 381 356 280 279 355 380 457 507 736 660 559 457 381 356 280 401 283 359 384 460 510 611 637 662 740 715 589 488 463 388 314 297 394 468 518 542 718 743 672 647 622 573 499 474 401 330 653 677 733 757 807 881 906 1006 986 961 936 887 862 837 868 891 915 963 987 1012 917 870 1002 1108 1180 1216 1277 1334 1293 1245 1221 1231 1254 1240 1264 1287 1371 1153 1051 1250 1274 1261 1284 1330 1318 1295 1272 1283 1306 1351 1397 1317 1295 1051 1071 1092 1113 1134 1176 1268 1307 1329 1442 1488 1557 1580 1068 1194 1172 1270 1444 1478 2716 2789 2780 2707 2776 2852 2902 2850 2748 2652 2747 2848 2899 3070 2994 2771 2694 2694 2770 2994 3070 2904 3006 3082 3089 3013 
1671 559 502 452 413 468 528 101 50 25 0 25 50 401 396 468 485 599 641 705 660 590 545 627 642 610 586 538 490 506 450 474 523 548 618 493 468 418 563 289 218 283 309 359 434 510 561 662 686 635 584 534 483 432 356 331 255 254 330 355 431 482 711 635 534 432 356 331 255 376 259 334 359 434 485 586 611 637 715 690 563 463 438 363 289 273 369 443 493 518 693 718 647 622 597 548 474 450 377 306 628 653 708 733 782 856 881 981 961 936 911 862 837 813 844 868 891 939 963 987 893 847 978 1085 1156 1192 1253 1310 1269 1221 1198 1207 1231 1217 1240 1264 1347 1130 1028 1227 1250 1238 1261 1307 1295 1272 1249 1261 1283 1329 1374 1295 1273 1031 1051 1071 1092 1113 1155 1246 1285 1307 1419 1465 1534 1557 1042 1169 1148 1245 1419 1454 2690 2763 2755 2682 2750 2826 2877 2825 2723 2627 2722 2823 2874 3045 2969 2745 2669 2669 2745 2969 3045 2879 2980 3056 3064 2988 
1686 579 521 468 431 487 549 127 76 50 25 0 25 381 377 452 468 579 620 683 637 567 523 603 618 586 562 514 466 481 425 450 499 523 592 468 443 394 538 274 198 259 283 334 409 485 535 637 660 610 559 508 457 407 331 305 230 228 304 330 406 457 685 610 508 407 331 305 230 351 234 309 334 409 460 561 586 611 690 664 538 438 413 338 265 250 345 418 468 493 668 693 622 597 573 523 450 425 353 283 603 628 683 708 757 832 856 956 936 911 887 837 813 788 820 844 868 915 939 963 870 824 955 1061 1132 1168 1228 1285 1245 1198 1174 1184 1207 1194 1217 1240 1324 1107 1006 1204 1227 1215 1238 1284 1272 1249 1226 1238 1261 1306 1351 1273 1250 1011 1031 1051 1071 1092 1134 1225 1263 1285 1397 1442 1511 1534 1017 1144 1124 1221 1395 1430 2665 2738 2730 2656 2725 2801 2852 2799 2698 2601 2696 2798 2848 3020 2943 2720 2644 2643 2720 2943 3020 2853 2955 3031 3039 2963 
1701 599 540 485 449 507 570 152 101 76 50 25 0 361 359 436 452 559 599 662 613 545 500 580 594 562 538 490 443 457 401 425 474 499 567 443 418 369 513 261 179 234 259 309 384 460 510 611 635 584 534 483 432 381 305 280 204 203 279 304 381 431 660 584 483 381 305 280 204 326 209 283 309 384 434 535 561 586 664 639 513 413 388 314 240 227 321 394 443 468 643 668 597 573 548 499 425 401 330 261 579 603 659 683 733 807 832 931 911 887 862 813 788 764 797 820 844 891 915 939 847 801 932 1037 1108 1144 1204 1261 1221 1174 1150 1160 1184 1170 1194 1217 1300 1084 984 1181 1204 1192 1215 1261 1249 1226 1204 1216 1238 1283 1329 1250 1228 991 1011 1031 1051 1071 1113 1203 1241 1263 1374 1419 1488 1511 991 1118 1100 1197 1371 1407 2640 2713 2704 2631 2700 2776 2826 2774 2672 2576 2671 2772 2823 2994 2918 2694 2618 2618 2694 2918 2994 2828 2930 3006 3013 2938 
1728 772 697 622 614 690 765 488 444 422 401 381 361 0 35 129 127 198 239 306 280 204 154 254 280 259 234 184 136 170 143 162 204 227 306 198 179 148 274 152 183 184 179 179 204 251 289 375 409 366 325 287 253 227 204 203 217 240 228 230 250 274 444 396 325 273 255 254 265 270 289 279 280 297 318 377 395 413 487 468 380 330 321 305 309 338 331 345 363 375 485 504 468 452 436 409 377 369 356 359 472 487 540 557 592 650 670 753 747 726 706 666 647 628 702 719 736 772 791 810 756 724 835 917 975 1005 1057 1106 1087 1047 1027 1044 1063 1061 1080 1099 1173 997 922 1078 1096 1095 1114 1151 1150 1131 1113 1131 1149 1185 1223 1167 1150 989 1001 1015 1028 1042 1071 1139 1168 1185 1276 1314 1372 1392 764 883 960 1042 1203 1265 2341 2415 2412 2339 2413 2489 2540 2489 2388 2293 2388 2490 2541 2721 2645 2422 2346 2353 2429 2651 2727 2540 2639 2715 2717 2641 
1692 743 668 592 586 662 738 479 436 416 396 377 359 35 0 101 104 204 250 321 304 228 177 280 309 289 265 217 170 204 179 198 239 261 340 234 215 183 310 129 179 204 203 209 239 287 325 409 444 401 361 323 289 261 234 230 234 259 255 259 283 310 479 432 361 306 283 280 283 300 309 305 309 330 352 413 431 449 523 504 416 363 353 334 331 359 359 377 397 409 521 540 504 487 472 444 410 401 384 381 508 523 575 592 628 686 706 789 782 762 741 702 683 664 738 755 772 808 826 845 792 759 871 953 1011 1041 1092 1141 1122 1083 1063 1080 1099 1096 1115 1135 1208 1033 957 1114 1132 1131 1150 1187 1185 1167 1149 1167 1185 1221 1259 1203 1185 1023 1036 1050 1063 1077 1107 1175 1204 1221 1312 1350 1408 1428 797 915 995 1077 1238 1300 2365 2439 2437 2364 2438 2515 2565 2515 2414 2320 2415 2516 2567 2748 2672 2449 2373 2381 2457 2679 2755 2565 2664 2740 2741 2665 
1628 736 660 584 586 662 738 540 502 485 468 452 436 129 101 0 25 177 228 304 321 250 204 306 340 331 310 270 234 270 261 274 305 323 396 310 296 273 377 179 261 305 304 309 330 366 396 468 504 466 432 401 375 353 334 331 334 359 356 359 377 397 540 504 444 401 384 381 384 399 409 407 409 425 443 493 507 523 592 575 500 457 450 434 432 460 460 474 490 500 595 611 584 570 557 534 506 499 485 483 592 605 655 670 702 754 772 848 845 826 808 772 755 738 817 833 848 881 898 916 871 841 948 1023 1078 1106 1154 1201 1187 1150 1131 1149 1167 1167 1185 1203 1274 1108 1039 1185 1203 1204 1221 1257 1257 1240 1223 1242 1259 1293 1329 1278 1261 1113 1125 1137 1150 1163 1190 1253 1281 1297 1383 1418 1474 1493 841 954 1061 1138 1293 1361 2364 2437 2439 2366 2443 2519 2569 2520 2419 2326 2421 2522 2573 2758 2682 2460 2385 2396 2471 2692 2768 2568 2665 2741 2740 2664 
1648 762 685 609 611 687 763 559 521 502 485 468 452 127 104 25 0 152 203 279 297 227 183 283 318 310 289 251 218 253 250 261 289 305 377 296 283 265 361 198 274 309 305 305 321 352 381 449 485 449 416 387 363 345 331 330 338 363 355 356 369 386 521 487 431 394 381 381 388 396 413 406 407 418 434 479 493 507 575 559 488 450 443 432 434 463 457 468 481 490 579 595 570 557 545 523 499 493 483 485 579 592 641 655 686 736 754 829 826 808 790 755 738 722 803 817 833 865 881 898 856 827 932 1006 1059 1087 1135 1181 1168 1131 1113 1131 1149 1150 1167 1185 1255 1092 1025 1168 1185 1187 1204 1239 1240 1223 1206 1226 1242 1276 1311 1261 1245 1101 1113 1125 1137 1150 1176 1238 1265 1281 1365 1400 1455 1474 819 931 1042 1118 1272 1341 2338 2412 2414 2340 2417 2493 2544 2495 2394 2301 2396 2497 2548 2733 2657 2435 2359 2371 2446 2667 2742 2543 2640 2716 2715 2638 
1772 914 838 761 763 839 915 683 641 620 599 579 559 198 204 177 152 0 50 127 162 113 101 162 198 204 193 179 179 203 234 230 230 234 283 254 255 265 289 330 381 366 352 330 309 305 314 352 387 363 345 334 330 334 353 363 401 422 386 377 359 355 422 410 384 384 401 410 444 408 466 434 425 409 406 418 425 434 488 477 438 432 434 450 477 511 474 460 457 457 500 511 506 499 493 485 483 485 499 523 523 530 570 580 602 641 655 719 722 706 690 662 649 636 727 738 750 775 789 803 778 757 847 909 956 980 1023 1066 1061 1027 1011 1031 1047 1051 1067 1083 1148 1004 948 1071 1087 1092 1107 1138 1143 1127 1113 1134 1148 1178 1209 1169 1155 1044 1052 1061 1070 1080 1101 1153 1176 1190 1265 1297 1348 1365 690 797 936 1005 1151 1227 2186 2260 2261 2188 2265 2341 2392 2343 2242 2149 2244 2345 2396 2581 2506 2284 2208 2221 2296 2516 2592 2390 2488 2564 2562 2486 
1814 965 889 812 814 890 966 727 683 662 641 620 599 239 250 228 203 50 0 76 126 101 113 136 170 184 179 179 193 209 250 240 230 228 265 259 265 283 280 377 422 396 381 352 321 305 305 330 363 345 334 330 334 345 375 387 432 452 409 397 369 359 397 394 381 394 420 431 472 424 493 454 443 418 409 409 413 418 466 457 432 438 443 466 500 535 490 468 460 457 481 490 493 488 485 482 488 493 514 545 513 518 554 562 580 614 627 686 690 676 662 636 624 613 707 717 727 750 762 775 757 739 823 880 924 948 989 1030 1027 995 980 1000 1016 1021 1036 1051 1114 978 927 1042 1057 1063 1077 1107 1113 1098 1085 1106 1120 1148 1178 1141 1128 1029 1036 1044 1052 1061 1080 1128 1150 1163 1234 1265 1314 1331 650 753 904 970 1113 1191 2135 2209 2211 2137 2215 2291 2341 2292 2191 2099 2193 2295 2345 2531 2455 2234 2158 2171 2246 2466 2542 2340 2437 2513 2511 2435 
1878 1041 965 888 890 966 1042 795 750 727 705 683 662 306 321 304 279 127 76 0 101 126 162 129 152 179 184 204 234 239 289 274 250 240 254 283 296 325 283 450 488 449 431 396 352 321 309 309 338 331 331 338 353 375 416 432 485 502 452 436 397 377 369 381 388 420 457 472 521 458 540 493 479 443 425 407 406 407 443 438 434 457 466 500 543 579 523 490 474 468 463 468 483 482 483 488 506 514 545 584 508 508 538 542 554 580 590 641 649 636 624 603 594 586 683 690 698 717 727 738 731 717 792 841 880 902 940 978 980 951 937 958 972 980 993 1007 1067 942 899 1001 1015 1023 1036 1063 1071 1058 1046 1068 1080 1106 1134 1102 1090 1011 1016 1022 1029 1036 1052 1093 1113 1125 1190 1219 1265 1281 592 690 859 920 1057 1139 2059 2133 2135 2061 2139 2215 2265 2216 2115 2023 2117 2219 2269 2455 2380 2158 2083 2096 2171 2391 2466 2264 2361 2437 2435 2359 
1934 1046 970 894 890 966 1042 755 707 683 660 637 613 280 304 321 297 162 126 101 0 76 127 35 50 80 91 126 170 162 218 198 162 148 152 198 215 253 184 432 450 387 366 325 270 227 209 209 240 230 230 240 261 289 341 361 422 436 377 359 310 283 273 280 289 331 377 395 452 374 468 413 396 352 330 305 304 305 345 338 334 363 375 416 466 502 436 397 377 369 363 369 381 381 381 388 410 420 457 504 406 407 438 443 457 488 500 559 563 549 535 511 500 490 586 594 603 624 636 649 634 619 698 753 797 821 862 904 900 868 853 873 889 894 909 924 987 852 804 915 930 937 951 980 986 972 958 980 993 1021 1051 1015 1001 911 917 924 931 939 957 1002 1023 1036 1107 1138 1187 1204 528 636 777 844 988 1065 2061 2134 2133 2059 2134 2210 2261 2211 2109 2015 2110 2212 2262 2444 2369 2146 2070 2079 2155 2377 2452 2260 2359 2435 2437 2361 
1872 970 894 819 814 890 966 683 637 613 590 567 545 204 228 250 227 113 101 126 76 0 50 56 91 91 80 80 107 113 162 148 129 127 170 160 170 198 179 356 377 325 305 270 227 204 204 239 274 250 234 228 234 250 289 305 361 377 325 310 273 259 310 297 279 297 331 345 395 332 413 366 352 321 309 309 314 321 375 363 331 338 345 375 416 452 397 369 359 356 386 397 394 388 384 381 388 394 420 457 413 418 457 466 488 528 543 610 611 595 579 549 535 523 613 624 636 662 676 690 664 643 734 797 845 871 916 960 952 917 900 920 936 940 956 972 1039 891 834 960 975 980 995 1027 1031 1015 1000 1021 1036 1067 1099 1057 1042 931 939 948 957 967 988 1040 1063 1077 1154 1187 1239 1257 592 704 826 898 1048 1121 2137 2211 2209 2135 2210 2286 2337 2287 2185 2091 2186 2288 2339 2520 2444 2222 2146 2155 2230 2452 2528 2336 2435 2511 2513 2437 
1831 920 844 768 763 839 915 637 590 567 545 523 500 154 177 204 183 101 113 162 127 50 0 104 136 127 107 80 80 101 136 129 129 136 198 152 154 170 193 305 330 287 270 239 209 204 217 270 305 274 250 234 228 234 261 274 323 341 296 283 259 254 341 318 283 283 306 318 361 311 380 340 330 309 304 321 330 340 401 387 338 331 334 353 387 422 377 359 355 356 409 422 410 401 394 384 381 384 401 431 425 434 477 488 514 559 575 647 646 628 611 579 563 549 636 649 662 690 706 722 688 664 760 829 880 907 953 998 987 952 934 953 970 972 989 1006 1075 919 858 991 1008 1011 1027 1061 1063 1047 1031 1051 1067 1099 1132 1087 1071 948 957 967 977 988 1011 1067 1092 1107 1187 1221 1275 1293 636 750 862 936 1089 1159 2188 2261 2260 2186 2261 2337 2388 2338 2236 2142 2237 2339 2389 2571 2495 2272 2196 2205 2281 2503 2578 2387 2486 2562 2564 2488 
1928 1023 948 872 866 942 1018 722 674 651 627 603 580 254 280 306 283 162 136 129 35 56 104 0 35 50 56 91 136 127 183 162 126 113 129 162 179 218 154 406 418 352 331 289 234 193 179 193 227 209 203 209 227 253 305 325 387 401 341 323 274 250 261 259 259 296 341 359 416 339 432 377 361 318 297 279 280 283 330 321 305 330 340 381 431 466 401 363 345 338 345 353 359 356 355 359 377 386 422 468 381 384 418 425 443 479 493 557 559 543 528 500 488 477 570 580 590 614 627 641 620 602 687 747 793 818 862 905 898 865 848 868 884 888 904 920 985 842 790 909 924 930 944 975 980 965 951 972 986 1016 1047 1007 993 893 900 907 915 924 943 992 1015 1028 1102 1135 1185 1203 535 647 774 844 992 1066 2087 2161 2158 2085 2159 2235 2286 2235 2134 2039 2134 2236 2287 2468 2392 2169 2093 2101 2177 2399 2475 2286 2385 2461 2463 2387 
1963 1052 977 901 894 970 1046 739 690 666 642 618 594 280 309 340 318 198 170 152 50 91 136 35 0 35 56 104 154 136 193 170 126 107 101 162 183 227 136 432 438 363 340 296 234 183 160 160 193 179 179 193 218 251 310 331 397 409 345 325 270 239 227 230 240 289 341 361 422 336 436 377 359 310 283 255 254 255 297 289 283 318 331 377 432 468 396 352 330 321 314 321 331 330 331 338 363 375 416 466 355 356 388 394 410 444 457 521 523 508 493 466 454 443 538 547 557 579 592 605 587 570 653 711 757 782 826 869 862 829 813 833 848 853 868 884 950 808 757 873 889 894 909 940 944 930 915 937 951 980 1011 972 958 862 868 875 883 891 910 957 980 993 1067 1099 1150 1167 500 613 738 808 957 1030 2064 2137 2134 2060 2133 2209 2260 2209 2108 2013 2108 2210 2261 2441 2365 2141 2065 2073 2148 2371 2447 2260 2360 2436 2439 2363 
1958 1031 956 881 872 948 1023 708 659 635 610 586 562 259 289 331 310 204 184 179 80 91 127 50 35 0 25 76 127 104 160 136 91 71 80 127 148 193 104 409 409 330 306 261 198 148 129 148 183 160 152 160 183 215 274 296 363 375 310 289 234 204 218 209 209 254 305 325 387 300 401 341 323 274 250 228 230 234 283 273 255 283 296 341 396 432 361 318 297 289 297 306 309 305 304 309 330 340 381 431 331 334 369 377 397 436 452 521 521 504 487 457 444 431 523 534 545 570 584 599 573 554 642 706 755 781 826 871 862 826 810 829 845 848 865 881 949 799 744 868 884 889 904 936 940 924 909 930 944 975 1008 965 951 844 851 859 868 877 897 948 972 986 1063 1096 1149 1167 511 627 736 810 962 1033 2091 2164 2160 2086 2159 2235 2286 2235 2133 2038 2133 2235 2286 2464 2388 2165 2089 2095 2171 2394 2470 2286 2386 2462 2466 2390 
1938 1006 931 856 847 923 998 683 634 610 586 562 538 234 265 310 289 193 179 184 91 80 107 56 56 25 0 50 101 80 136 113 71 56 91 107 126 170 101 384 384 306 283 239 179 136 127 162 198 170 154 154 170 198 253 274 340 352 289 270 218 193 234 217 204 239 287 305 366 283 380 323 305 261 240 230 234 240 296 283 254 273 283 325 377 413 345 306 289 283 306 318 314 309 305 305 321 330 366 413 334 338 377 386 409 452 468 540 538 521 504 472 457 444 534 545 557 584 599 614 585 563 655 722 772 799 845 891 880 844 826 845 862 865 881 898 967 813 755 884 900 904 920 953 956 940 924 944 960 991 1025 980 965 851 859 868 877 887 908 961 986 1000 1080 1114 1167 1185 534 651 754 829 983 1052 2116 2190 2185 2112 2184 2260 2311 2260 2159 2063 2159 2260 2311 2490 2414 2190 2114 2120 2196 2419 2495 2311 2411 2488 2491 2415 
1897 956 881 807 797 872 948 635 586 562 538 514 490 184 217 270 251 179 179 204 126 80 80 91 104 76 50 0 50 35 91 71 50 56 126 80 91 126 113 334 334 261 239 198 148 127 136 198 234 198 170 154 154 170 215 234 296 310 251 234 193 179 270 239 204 217 254 270 325 253 341 289 274 240 230 240 250 261 325 310 259 259 265 296 341 377 318 289 280 279 331 345 330 321 314 305 309 314 340 380 345 353 397 409 436 485 502 579 575 557 538 504 487 472 557 570 584 614 630 647 609 585 683 755 808 836 884 931 917 880 862 880 898 898 916 933 1004 843 779 917 934 936 953 987 989 972 956 975 991 1025 1059 1011 995 868 877 887 897 908 932 989 1015 1031 1114 1149 1204 1223 580 698 791 868 1025 1091 2167 2240 2236 2162 2235 2311 2362 2311 2209 2114 2209 2311 2362 2540 2464 2241 2165 2171 2247 2470 2546 2362 2462 2538 2542 2466 
1858 906 832 757 747 822 898 586 538 514 490 466 443 136 170 234 218 179 193 234 170 107 80 136 154 127 101 50 0 35 56 50 71 91 170 80 76 91 143 283 283 218 198 162 129 136 162 239 274 234 198 170 154 154 183 198 253 270 218 204 179 179 310 270 217 204 227 239 287 231 305 261 250 230 230 261 274 289 359 341 273 254 255 273 310 345 297 280 280 283 361 377 352 340 330 314 304 305 321 352 363 375 422 436 468 521 540 620 614 595 575 538 521 504 584 599 614 647 664 682 637 609 714 790 845 874 924 972 956 917 898 916 934 933 952 970 1042 874 806 952 969 970 987 1023 1023 1006 989 1008 1025 1059 1095 1044 1027 887 897 908 920 932 958 1019 1047 1063 1149 1185 1242 1261 627 747 829 909 1068 1132 2217 2291 2287 2213 2286 2362 2413 2362 2260 2165 2260 2362 2413 2591 2515 2292 2216 2222 2297 2520 2596 2413 2513 2589 2593 2517 
1893 936 862 788 777 851 927 603 554 530 506 481 457 170 204 270 253 203 209 239 162 113 101 127 136 104 80 35 35 0 56 35 35 56 136 50 56 91 107 314 305 227 204 162 113 104 127 204 239 198 162 136 127 136 179 198 261 274 215 198 160 152 274 234 184 184 218 234 289 218 305 253 239 209 203 227 239 254 323 305 240 230 234 261 305 341 283 259 254 255 325 341 318 306 297 283 280 283 306 345 330 340 387 401 432 485 504 584 579 559 540 502 485 468 549 563 579 611 628 646 602 575 678 754 810 839 889 937 920 881 862 880 898 898 916 934 1006 839 771 916 933 934 952 987 987 970 953 972 989 1023 1059 1008 991 853 863 874 886 898 923 984 1011 1027 1113 1150 1206 1226 594 715 793 873 1033 1096 2194 2268 2262 2189 2261 2337 2388 2336 2235 2140 2235 2336 2387 2565 2488 2265 2189 2194 2270 2493 2569 2388 2489 2565 2569 2493 
1871 893 819 747 733 807 881 548 499 474 450 425 401 143 179 261 250 234 250 289 218 162 136 183 193 160 136 91 56 56 0 25 76 101 179 56 35 35 136 273 254 170 148 107 76 107 148 240 273 227 183 143 113 101 126 143 204 218 162 148 127 136 306 254 183 152 170 183 234 174 251 204 193 177 184 234 251 270 345 325 239 204 203 217 253 289 240 228 234 240 341 361 325 310 296 273 255 254 265 296 331 345 396 413 449 508 528 614 605 584 563 523 504 485 559 575 592 628 647 666 613 581 692 774 833 863 915 966 944 904 884 900 920 917 936 956 1030 853 779 934 953 952 970 1008 1006 987 969 987 1005 1042 1080 1023 1006 851 863 875 888 901 930 996 1025 1042 1132 1170 1229 1249 635 757 817 901 1064 1123 2247 2320 2315 2241 2312 2388 2439 2388 2286 2190 2286 2387 2438 2614 2538 2315 2238 2243 2319 2542 2618 2440 2541 2617 2622 2546 
1890 917 844 771 757 832 906 573 523 499 474 450 425 162 198 274 261 230 240 274 198 148 129 162 170 136 113 71 50 35 25 0 50 76 154 35 25 56 113 297 279 193 170 127 80 91 126 217 250 204 162 126 104 104 143 162 227 239 179 162 129 129 283 234 170 154 183 198 254 184 270 218 204 179 179 218 234 251 325 305 227 203 204 227 270 305 250 230 230 234 323 341 310 296 283 265 254 255 273 310 318 331 380 396 431 487 507 592 584 563 543 504 485 466 543 559 575 610 628 647 597 567 675 755 813 843 894 944 924 884 865 881 900 898 917 936 1010 836 764 916 934 933 952 989 987 969 952 970 987 1023 1061 1006 989 840 851 863 875 888 915 979 1008 1025 1114 1151 1209 1229 610 733 797 880 1042 1102 2222 2295 2289 2216 2287 2363 2414 2362 2261 2165 2260 2362 2413 2589 2513 2289 2213 2217 2293 2517 2593 2415 2515 2591 2596 2521 
1929 967 893 819 807 881 956 622 573 548 523 499 474 204 239 305 289 230 230 250 162 129 129 126 126 91 71 50 71 35 76 50 0 25 104 35 56 104 71 345 330 240 217 170 107 76 91 170 204 162 126 104 104 126 183 204 273 283 218 198 148 129 239 198 154 170 215 234 296 212 310 251 234 193 179 193 204 218 287 270 209 209 217 254 305 341 274 240 230 228 289 305 283 273 265 255 259 265 296 341 297 306 352 366 396 449 468 549 543 523 504 466 449 432 514 528 543 575 592 610 567 540 642 718 774 803 853 902 884 845 826 844 862 862 880 898 971 803 736 880 898 898 916 952 952 934 917 936 953 987 1023 972 956 820 830 840 851 863 888 948 975 991 1077 1114 1170 1190 562 683 757 838 998 1061 2171 2244 2238 2165 2236 2312 2363 2311 2210 2114 2209 2311 2362 2538 2462 2238 2162 2167 2243 2466 2542 2364 2464 2541 2546 2470 
1949 991 917 844 832 906 981 647 597 573 548 523 499 227 261 323 305 234 228 240 148 127 136 113 107 71 56 56 91 56 101 76 25 0 80 56 80 129 56 369 355 265 240 193 127 80 80 148 183 143 113 101 113 143 204 227 297 306 239 218 162 136 218 183 152 183 234 254 318 229 331 270 251 204 184 184 193 204 270 253 204 217 227 270 325 361 289 250 234 230 274 289 273 265 259 254 265 273 310 359 289 297 340 352 380 431 449 528 523 504 485 449 432 416 500 514 528 559 575 592 553 528 627 700 755 783 833 881 865 826 808 826 844 844 862 880 951 787 723 862 880 881 898 933 934 917 900 920 936 970 1005 956 940 811 820 830 840 851 875 933 960 975 1059 1095 1151 1170 538 659 738 817 976 1040 2146 2219 2213 2140 2211 2287 2338 2286 2184 2089 2184 2286 2336 2513 2437 2213 2137 2141 2217 2441 2517 2339 2439 2515 2521 2445 
2024 1071 998 924 911 986 1061 718 668 643 618 592 567 306 340 396 377 283 265 254 152 170 198 129 101 80 91 126 170 136 179 154 104 80 0 127 152 203 56 450 432 334 309 259 184 113 71 71 107 80 80 107 148 193 265 289 363 369 297 273 204 162 143 129 148 218 283 306 377 273 386 318 296 234 198 154 152 154 204 193 184 234 251 310 375 409 325 270 239 227 217 227 230 228 230 240 274 289 341 401 254 255 289 297 318 361 377 452 449 431 413 381 366 352 443 454 466 493 508 523 494 474 564 630 682 709 757 804 791 754 736 755 772 774 791 808 878 722 664 793 810 813 829 862 865 848 833 853 868 900 934 888 873 764 771 779 787 797 817 870 894 909 989 1023 1078 1096 457 579 664 741 898 964 2073 2146 2139 2066 2136 2212 2262 2211 2109 2013 2108 2210 2261 2436 2360 2136 2060 2063 2140 2363 2439 2264 2365 2441 2447 2371 
1926 949 875 803 788 862 936 592 542 518 493 468 443 198 234 310 296 254 259 283 198 160 152 162 162 127 107 80 80 50 56 35 35 56 127 0 25 76 80 330 305 209 184 136 71 56 91 184 217 170 127 91 76 91 148 170 240 250 183 162 113 101 250 198 136 136 179 198 261 176 274 215 198 160 152 183 198 215 289 270 193 179 184 218 270 305 239 209 203 204 287 305 274 261 250 234 230 234 261 305 283 296 345 361 395 452 472 557 549 528 508 468 449 431 508 523 540 574 592 611 561 531 639 719 777 807 859 909 889 848 829 845 865 862 881 900 974 800 729 880 898 898 916 953 952 933 916 934 952 987 1025 970 953 807 817 829 841 853 880 944 972 989 1078 1115 1174 1194 579 702 761 845 1008 1067 2199 2272 2266 2192 2262 2339 2389 2338 2236 2140 2235 2337 2388 2563 2487 2263 2187 2190 2266 2490 2566 2390 2491 2567 2573 2498 
1907 924 851 779 764 837 911 567 518 493 468 443 418 179 215 296 283 255 265 296 215 170 154 179 183 148 126 91 76 56 35 25 56 80 152 25 0 50 104 306 280 184 160 113 56 71 113 209 240 193 148 107 80 80 127 148 217 227 162 143 104 104 273 218 148 129 162 179 239 162 253 198 183 154 154 198 215 234 310 289 204 177 179 204 251 287 227 204 204 209 305 325 289 274 261 240 228 230 250 289 296 310 361 377 413 472 493 579 570 549 528 487 468 449 523 540 557 592 611 630 577 546 656 738 797 828 880 931 909 868 848 865 884 881 900 920 995 817 744 898 917 916 934 972 970 952 933 952 969 1006 1044 987 970 817 829 841 853 866 894 960 989 1006 1096 1135 1194 1214 603 727 782 866 1030 1088 2224 2298 2291 2217 2288 2364 2415 2363 2261 2165 2261 2362 2413 2588 2512 2288 2212 2216 2292 2515 2591 2416 2517 2593 2599 2523 
1869 875 803 731 715 788 862 518 468 443 418 394 369 148 183 273 265 265 283 325 253 198 170 218 227 193 170 126 91 91 35 56 104 129 203 76 50 0 154 261 230 136 113 71 56 113 160 259 289 240 193 148 107 80 91 107 170 183 126 113 104 126 321 261 179 129 136 148 198 143 215 170 160 154 170 234 253 274 352 331 234 184 179 184 218 253 209 204 217 227 345 366 323 305 289 261 234 230 234 261 325 341 395 413 452 514 535 624 614 592 570 528 507 487 557 574 592 630 650 670 610 577 691 777 838 870 923 974 951 909 888 904 924 920 940 960 1036 853 775 936 956 953 972 1011 1008 989 970 987 1006 1044 1083 1023 1005 841 853 866 880 894 924 993 1023 1041 1135 1174 1234 1254 653 777 824 910 1075 1131 2275 2348 2342 2268 2339 2415 2465 2414 2312 2216 2311 2413 2464 2639 2563 2339 2263 2266 2342 2566 2642 2467 2567 2643 2649 2573 
2001 1029 956 883 868 942 1016 664 614 589 563 538 513 274 310 377 361 289 280 283 184 179 193 154 136 104 101 113 143 107 136 113 71 56 56 80 104 154 0 410 384 280 255 204 129 56 25 104 136 91 56 56 91 136 209 234 309 314 240 217 148 107 170 127 104 162 227 250 321 216 330 261 239 179 148 129 136 148 215 198 152 183 198 254 318 352 270 218 193 184 218 234 217 209 204 204 227 239 287 345 234 240 283 296 325 377 396 479 472 452 432 395 377 361 444 457 472 504 521 538 496 471 571 646 702 731 782 831 813 774 755 772 791 790 808 826 899 731 666 808 826 826 844 880 880 862 845 865 881 916 952 900 884 755 764 773 784 795 819 877 904 920 1005 1042 1099 1118 499 622 686 767 929 990 2126 2199 2192 2118 2188 2264 2314 2262 2161 2065 2160 2261 2312 2486 2410 2186 2110 2113 2189 2412 2488 2316 2417 2493 2500 2424 
1615 622 548 474 463 538 614 361 323 305 289 274 261 152 129 179 198 330 377 450 432 356 305 406 432 409 384 334 283 314 273 297 345 369 450 330 306 261 410 0 101 204 218 251 310 375 420 514 547 500 454 409 366 325 270 253 217 240 274 289 341 380 580 523 436 359 310 296 265 331 289 318 331 377 413 493 514 535 614 592 487 413 396 352 321 338 375 416 449 466 605 627 579 559 540 502 452 436 397 369 575 595 650 670 711 775 797 886 875 853 832 789 767 747 810 829 848 889 909 930 863 826 946 1036 1098 1130 1184 1236 1211 1169 1148 1163 1184 1178 1198 1219 1296 1107 1023 1194 1214 1209 1229 1270 1265 1245 1226 1242 1261 1301 1341 1278 1259 1071 1087 1102 1118 1135 1168 1244 1276 1295 1392 1432 1494 1514 907 1029 1085 1171 1337 1392 2493 2567 2565 2491 2565 2641 2692 2642 2540 2445 2541 2642 2693 2873 2797 2574 2498 2505 2580 2803 2879 2692 2791 2867 2869 2793 
1687 651 580 511 490 562 634 306 261 239 218 198 179 183 179 261 274 381 422 488 450 377 330 418 438 409 384 334 283 305 254 279 330 355 432 305 280 230 384 101 0 127 148 193 265 338 388 488 518 468 418 369 321 273 204 183 126 148 198 218 283 330 548 481 386 296 234 215 170 256 193 234 251 310 352 443 466 490 570 547 431 345 325 270 227 240 289 341 380 401 557 580 523 500 479 436 377 359 310 273 514 535 592 614 658 727 750 844 830 807 784 738 715 693 747 767 789 832 853 875 800 759 884 980 1046 1079 1135 1189 1159 1115 1093 1106 1128 1120 1141 1163 1242 1043 954 1134 1155 1148 1169 1211 1204 1184 1163 1178 1198 1240 1282 1214 1194 991 1008 1025 1042 1059 1095 1175 1209 1229 1331 1373 1437 1459 881 1006 1033 1124 1293 1342 2500 2573 2568 2495 2566 2642 2693 2642 2540 2444 2540 2641 2692 2868 2792 2568 2492 2496 2572 2795 2872 2694 2794 2870 2875 2799 
1812 773 704 636 613 683 755 384 334 309 283 259 234 184 204 305 309 366 396 449 387 325 287 352 363 330 306 261 218 227 170 193 240 265 334 209 184 136 280 204 127 0 25 76 152 228 279 381 407 356 305 255 204 154 80 56 35 56 71 91 160 209 434 363 265 170 107 91 80 130 104 113 126 183 227 321 345 369 450 425 306 218 198 148 127 154 170 215 253 274 434 457 397 375 352 310 251 234 193 177 387 409 466 488 534 603 627 722 707 683 660 613 590 567 620 641 662 705 727 750 673 632 757 853 920 954 1011 1065 1033 989 967 980 1001 993 1015 1036 1116 916 827 1007 1028 1021 1042 1085 1077 1057 1036 1051 1071 1113 1155 1087 1067 868 884 900 917 934 969 1049 1083 1102 1204 1246 1311 1332 768 894 908 1000 1170 1217 2407 2480 2472 2399 2468 2544 2595 2543 2441 2345 2440 2542 2592 2765 2689 2465 2389 2391 2467 2691 2767 2596 2698 2774 2781 2705 
1830 797 727 658 637 707 779 409 359 334 309 283 259 179 203 304 305 352 381 431 366 305 270 331 340 306 283 239 198 204 148 170 217 240 309 184 160 113 255 218 148 25 0 50 127 203 254 355 381 331 280 230 179 129 56 35 56 71 56 71 136 184 409 338 240 148 91 80 91 113 113 104 113 162 204 297 321 345 425 401 283 198 179 136 129 160 160 198 234 253 410 434 375 352 331 289 234 218 184 179 366 387 444 466 511 580 603 698 683 660 637 590 567 545 599 620 641 683 705 727 652 613 736 832 898 931 988 1042 1011 967 945 958 980 972 993 1015 1094 896 809 986 1007 1000 1021 1063 1057 1036 1015 1031 1051 1092 1134 1067 1047 853 868 884 900 917 952 1029 1063 1083 1184 1225 1289 1311 743 869 886 977 1147 1195 2382 2455 2447 2374 2443 2519 2569 2517 2416 2320 2415 2516 2567 2740 2664 2440 2364 2365 2441 2665 2741 2571 2672 2748 2755 2680 
1866 844 773 704 683 755 827 460 409 384 359 334 309 179 209 309 305 330 352 396 325 270 239 289 296 261 239 198 162 162 107 127 170 193 259 136 113 71 204 251 193 76 50 0 76 152 203 304 331 280 230 179 129 80 25 35 104 113 56 50 91 136 359 289 193 107 76 80 126 90 143 104 101 126 162 250 273 297 377 353 239 162 148 127 148 183 152 170 198 215 363 386 331 310 289 251 204 193 177 193 325 345 401 422 466 534 557 651 637 613 590 545 523 500 559 579 599 641 662 683 613 575 696 789 853 886 942 996 967 923 901 915 937 930 951 972 1050 856 772 944 965 960 980 1021 1016 995 975 991 1011 1051 1092 1027 1008 824 838 853 868 884 917 992 1025 1044 1143 1184 1246 1268 693 819 841 931 1100 1150 2331 2404 2396 2323 2392 2468 2519 2467 2365 2269 2364 2465 2516 2689 2613 2389 2313 2315 2391 2614 2691 2520 2622 2698 2705 2629 
1922 915 844 773 755 827 900 535 485 460 434 409 384 204 239 330 321 309 321 352 270 227 209 234 234 198 179 148 129 113 76 80 107 127 184 71 56 56 129 310 265 152 127 76 0 76 127 228 255 204 154 104 56 25 80 104 179 184 113 91 50 71 283 217 127 76 107 126 193 105 204 143 126 101 113 183 204 227 306 283 179 129 127 148 198 234 170 152 160 170 296 318 270 251 234 204 179 177 193 234 270 287 341 361 401 466 488 580 567 545 523 479 457 436 502 521 540 579 599 620 556 522 638 726 789 821 875 928 901 859 838 853 873 868 889 909 986 799 720 884 904 900 920 960 956 936 917 934 953 991 1031 970 952 784 797 810 824 838 868 938 969 987 1083 1122 1184 1204 618 743 775 863 1030 1083 2256 2329 2320 2247 2316 2392 2443 2390 2289 2193 2288 2389 2440 2613 2537 2313 2237 2238 2315 2538 2614 2444 2546 2622 2629 2553 
1978 987 915 844 827 900 973 611 561 535 510 485 460 251 287 366 352 305 305 321 227 204 204 193 183 148 136 127 136 104 107 91 76 80 113 56 71 113 56 375 338 228 203 152 76 0 50 152 179 129 80 35 35 80 154 179 255 259 184 160 91 56 209 148 80 107 170 193 265 160 273 204 183 126 104 126 143 162 239 218 136 136 148 198 261 296 215 170 154 152 234 253 218 204 193 179 184 193 234 289 227 239 289 305 341 401 422 511 500 479 457 416 396 377 452 468 485 521 540 559 505 475 584 666 726 757 810 861 838 797 777 793 813 810 829 848 924 745 673 826 845 844 862 900 898 880 862 880 898 934 972 916 898 750 761 772 784 797 824 888 917 934 1025 1063 1122 1143 542 668 711 797 962 1018 2180 2253 2244 2171 2240 2316 2367 2314 2213 2117 2212 2313 2364 2537 2461 2237 2161 2162 2238 2462 2538 2368 2470 2546 2553 2478 
2017 1036 963 891 875 949 1022 662 611 586 561 535 510 289 325 396 381 314 305 309 209 204 217 179 160 129 127 136 162 127 148 126 91 80 71 91 113 160 25 420 388 279 254 203 127 50 0 101 129 80 35 35 80 129 204 230 305 309 234 209 136 91 160 107 80 148 217 240 314 204 321 250 227 162 126 104 113 126 198 179 127 162 179 239 306 340 253 198 170 160 198 215 193 184 179 179 204 218 270 331 209 217 261 274 305 361 380 466 457 436 416 377 359 341 422 436 452 485 502 521 475 449 551 628 686 716 767 817 797 757 738 755 774 772 791 810 883 712 644 790 808 808 826 862 862 844 826 845 862 898 934 881 865 731 740 750 761 772 797 857 884 900 987 1025 1083 1102 493 618 670 753 917 976 2130 2203 2194 2121 2189 2265 2316 2264 2162 2066 2161 2262 2313 2486 2410 2186 2110 2112 2188 2411 2487 2318 2419 2495 2503 2427 
