0 2606 548 2009 1367 2233 1130 580 515 582 721 262 2790 2301 2489 2438 2948 2589 3007 783 258 1980 1987 2459 526 1184 661 814 492 881 3069 439 2432 838 843 2910 1129 698 1123 1099 3098 2516 1673 3350 2850 477 1487 2963 655 1988 3164 1417 1002 1437 2039 1298 1008 1176 592 1414 809 1258 2953 2358 1227 1534 1426 651 1034 1191 438 1044 838 1359 939 674 2349 2795 1315 821 1472 2579 2065 1155 772 629 1627 1867 1718 149 792 3020 765 965 95 2882 737 229 617 1248 1146 3161 2228 2050 2469 2168 432 478 2600 2677 825 2633 1361 1550 1284 1492 1048 2041 2970 2364 2762 799 400 1183 2331 2917 1147 2799 793 3183 1172 1336 1550 790 2935 552 2910 625 1616 2163 1286 489 1807 2187 1442 500 2608 3262 1171 1074 3003 537 2381 1546 2771 2999 1090 699 2008 2376 325 2739 1445 1829 1383 542 516 1546 1004 1012 1911 938 1553 181 549 801 1685 1161 1396 935 793 2064 2191 1191 1901 1444 2925 1276 863 998 1552 3003 2196 1158 3062 1472 1395 1239 1231 3117 
2606 0 3153 1013 3182 932 1479 3056 2096 2886 3328 2435 183 411 881 236 510 522 882 2273 2578 1244 1287 608 2091 2700 1987 3367 2958 2436 553 2797 707 1768 2031 604 1803 2291 3317 3187 664 216 936 1093 531 2148 2039 505 2546 673 940 1227 3354 1296 888 2637 1620 1445 2907 1253 1976 2881 394 464 2070 1433 3389 2826 2695 3424 2247 1801 3362 1347 2440 3046 488 259 2230 2279 2318 457 800 1456 3321 2543 1118 1282 906 2511 3325 830 3370 1716 2693 742 3188 2621 3074 2661 2564 895 473 1021 446 456 2478 2428 65 262 2926 926 2295 1258 1553 1176 3101 570 741 316 585 3365 2776 2159 349 315 2214 902 3329 1060 1683 3123 1329 2474 1031 2941 794 2519 1406 474 1911 2979 1082 932 1493 2184 697 859 3418 2609 873 2348 660 1263 172 702 1896 3297 629 857 2323 765 1285 859 1319 2473 2823 1276 1668 3331 1209 2023 1556 2495 2808 1871 1104 1621 2230 1744 2425 729 455 1856 708 1167 321 2190 3106 3090 1267 539 1081 3042 673 1135 3334 3442 1643 933 
548 3153 0 2514 1413 2738 1678 369 1063 664 189 739 3337 2840 2996 2987 3496 3134 3547 1203 661 2496 2500 3003 1073 1416 1186 343 385 1225 3609 527 2952 1386 1291 3456 1627 1127 1020 1077 3646 3059 2221 3890 3397 1022 1908 3500 973 2536 3683 1964 810 1977 2579 1559 1545 1724 570 1946 1286 1422 3495 2893 1656 2018 1382 792 1263 1039 935 1555 497 1882 1277 525 2896 3344 1699 1233 1829 3112 2588 1704 409 953 2150 2383 2260 664 359 3562 241 1485 460 3425 450 571 403 1498 1430 3704 2777 2581 3016 2716 790 899 3145 3218 912 3137 1726 2061 1808 2038 1065 2586 3514 2906 3290 389 584 1593 2872 3463 1544 3308 357 3720 1654 1403 2050 1127 3467 485 3451 962 2132 2712 1746 433 2343 2720 1925 1025 3128 3808 1015 1341 3544 980 2923 2081 3318 3527 1530 162 2556 2911 841 3279 1986 2376 1907 921 574 2054 1546 847 2432 1367 2053 668 621 1319 2225 1660 1777 1455 1151 2593 2740 1672 2449 1989 3471 1672 823 1010 2087 3551 2720 1233 3595 2018 1371 1097 1713 3658 
2009 1013 2514 0 2976 223 1078 2325 1572 2448 2702 1777 1160 604 481 1028 1521 1389 1843 1990 2076 1621 1667 1375 1581 2538 1348 2652 2235 2190 1230 2063 464 1271 1244 1591 1660 1969 2966 2870 1677 811 792 2096 1515 1642 2096 1106 2199 943 1179 1046 2932 1225 1307 2532 1039 1105 2137 652 1230 2710 1179 559 1999 519 3142 2432 2475 3063 1582 1598 2840 666 2218 2275 1183 1272 2190 2014 2335 706 221 1077 2780 2186 420 1584 583 1962 2600 1805 2752 1045 2076 1692 2431 1944 2333 2531 2410 1893 1024 1454 1249 869 1746 2014 963 905 2575 624 2268 459 1458 1073 2791 661 1719 699 830 2808 2295 2065 670 1224 2099 793 2604 2035 868 2921 465 2188 1935 2191 1742 2162 1539 905 1871 2466 1318 1468 606 1729 634 1873 3050 2420 1835 1955 1364 1299 1171 1057 1039 2633 884 1528 1686 1652 1218 1016 647 2086 2066 463 1352 2924 1541 1195 1658 1854 2040 1208 1222 854 2226 1074 2143 308 929 1759 767 761 1235 2136 2717 2763 1312 1552 1609 2792 1147 789 3092 3095 812 1914 
1367 3182 1413 2976 0 3180 1898 1742 1499 805 1386 1598 3344 3023 3411 2958 3335 2934 3208 985 1130 2083 2060 2781 1478 483 1791 1732 1706 786 3726 1752 3295 1728 2096 3235 1387 1012 465 345 3447 3183 2335 3534 3202 1427 1223 3649 816 2512 3976 2017 699 1900 2350 578 1971 1882 1875 2325 2021 305 3575 3120 1118 2624 228 716 503 530 1701 1413 1029 2329 763 1892 2763 3280 984 962 969 3340 2941 1903 1090 837 2556 1994 2486 1282 1763 3251 1368 2031 1394 3133 1857 1592 1782 536 619 3395 2715 2268 2868 2734 1794 1038 3203 3349 545 3556 939 2547 1635 2040 348 2712 3237 3050 3544 1152 974 1025 3025 3488 969 3688 1761 3331 2313 58 2590 790 3049 1804 3138 857 1800 2711 1278 1002 2118 2407 2544 1308 3455 3556 547 575 3209 1065 2694 1919 3310 3765 2321 1522 2563 2587 1594 2966 1910 2325 2343 951 1828 2552 1629 646 2068 2202 1656 1530 1871 1912 2078 2257 1014 2009 833 2901 2727 1326 2528 2234 3491 1012 589 403 1914 3393 2326 211 3791 2224 176 494 2365 3317 
2233 932 2738 223 3180 0 1281 2545 1792 2668 2926 2001 1054 553 257 997 1441 1369 1799 2195 2297 1720 1767 1380 1800 2735 1572 2872 2456 2394 1058 2283 277 1487 1464 1531 1845 2178 3182 3084 1591 717 935 2025 1456 1862 2261 933 2412 1016 962 1217 3152 1387 1383 2723 1258 1301 2356 863 1453 2909 1029 468 2180 735 3351 2649 2678 3279 1806 1789 3064 886 2420 2493 1191 1187 2370 2218 2509 552 274 1277 3004 2399 631 1696 735 2185 2820 1754 2976 1268 2300 1651 2650 2168 2553 2725 2606 1827 1047 1535 1238 895 1968 2230 874 774 2789 400 2447 683 1632 1232 3003 714 1666 640 640 3032 2516 2250 618 1096 2287 570 2824 1985 1089 3125 688 2395 1915 2411 1703 2375 1679 934 2046 2689 1431 1529 825 1947 431 1784 3267 2619 1790 2170 1383 1446 1073 855 1254 2856 951 1562 1910 1634 1379 1122 866 2301 2286 687 1552 3143 1646 1412 1807 2078 2258 1431 1351 1077 2401 1298 2350 354 953 1940 859 950 1107 2317 2934 2976 1458 1466 1677 2999 953 971 3300 3311 1032 1860 
1130 1479 1678 1078 1898 1281 0 1619 617 1436 1850 984 1662 1202 1516 1308 1823 1478 1921 914 1103 1053 1080 1360 611 1460 567 1914 1520 1112 1963 1374 1412 294 773 1795 618 899 1920 1812 1976 1405 543 2257 1732 668 1112 1864 1141 862 2122 313 1918 424 978 1461 266 81 1504 433 676 1631 1837 1278 958 809 2070 1397 1397 2022 814 536 1890 467 1140 1638 1231 1665 1150 936 1311 1503 1049 31 1846 1131 659 954 622 1031 1878 1924 1891 424 1219 1786 1763 1171 1644 1457 1334 2061 1102 1035 1351 1037 1074 981 1476 1570 1524 1662 1229 673 493 400 1730 921 1867 1255 1699 1888 1309 1010 1223 1792 1037 1803 1881 2107 647 1843 738 1114 1883 1521 1819 1106 757 1033 858 1506 785 1151 756 715 1580 2147 2011 1341 1916 910 1289 560 1641 1932 812 1827 878 1324 867 1656 427 716 471 1041 1414 683 275 1901 965 832 799 1033 1411 502 641 550 1199 436 1068 1019 1061 729 771 348 1799 1093 1683 1706 572 1877 1207 1718 1980 356 2019 2049 666 2027 
580 3056 369 2325 1742 2545 1619 0 1042 952 516 636 3239 2713 2801 2910 3438 3098 3534 1354 800 2544 2554 2977 1062 1678 1070 327 99 1426 3476 263 2778 1328 1081 3415 1706 1271 1376 1417 3593 2939 2144 3873 3351 1025 2064 3361 1181 2479 3504 1925 1175 1973 2573 1810 1437 1679 222 1812 1103 1712 3375 2752 1804 1811 1732 1068 1523 1402 811 1617 866 1732 1483 156 2851 3265 1881 1391 2030 2963 2425 1648 778 1157 1995 2431 2150 729 275 3541 568 1343 489 3403 156 451 41 1753 1667 3679 2717 2598 2970 2638 584 1043 3040 3092 1215 2938 1921 1888 1847 2007 1395 2485 3485 2787 3129 755 820 1756 2752 3358 1715 3114 279 3716 1457 1726 1861 1330 3477 143 3434 1159 2182 2640 1867 739 2350 2730 1720 1072 2953 3766 1379 1585 3530 1110 2903 2091 3225 3365 1299 377 2489 2916 753 3267 1981 2335 1760 1093 264 1878 1545 1209 2471 1136 2127 597 302 1185 2220 1483 1962 1314 1342 2442 2669 1771 2368 1891 3366 1845 1159 1340 2099 3491 2751 1550 3441 1929 1716 1459 1513 3642 
515 2096 1063 1572 1499 1792 617 1042 0 876 1232 420 2279 1805 2044 1924 2433 2075 2499 595 506 1507 1520 1947 30 1156 293 1316 944 784 2571 822 1968 330 620 2396 715 528 1407 1328 2583 2015 1161 2841 2336 73 1173 2467 683 1473 2695 902 1360 932 1534 1220 535 661 970 941 532 1292 2449 1869 927 1149 1627 870 1041 1498 329 613 1288 906 834 1090 1834 2281 1074 635 1249 2093 1598 641 1238 663 1167 1395 1220 416 1286 2510 1274 547 606 2372 1194 593 1072 1189 1065 2650 1713 1555 1955 1654 582 466 2092 2178 1027 2190 1141 1115 813 978 1254 1534 2458 1864 2282 1277 724 921 1831 2409 909 2347 1288 2678 817 1453 1136 734 2436 966 2401 642 1150 1649 929 906 1308 1688 1063 194 2142 2748 1484 1029 2495 434 1870 1048 2259 2518 827 1214 1493 1875 309 2232 940 1314 927 550 879 1115 503 1352 1431 726 1112 445 889 413 1180 771 1149 522 704 1587 1677 807 1389 943 2416 1022 1151 1218 1056 2488 1709 1295 2575 965 1583 1535 871 2609 
582 2886 664 2448 805 2668 1436 952 876 0 708 834 3064 2638 2917 2689 3152 2766 3132 669 389 2023 2017 2621 867 753 1133 1007 907 614 3393 946 2834 1184 1388 3087 1158 620 550 518 3289 2833 1960 3475 3037 806 1317 3297 385 2225 3555 1658 484 1611 2180 897 1409 1453 1071 1810 1332 763 3259 2714 1084 2019 845 129 601 631 975 1119 515 1782 657 1097 2549 3039 1085 684 1195 2939 2465 1452 511 376 2039 1913 2058 533 1023 3158 715 1419 594 3026 1080 796 993 836 775 3304 2457 2149 2667 2431 1014 458 2891 3000 264 3064 1099 1992 1386 1713 470 2347 3122 2687 3134 574 182 1005 2656 3201 949 3217 1022 3289 1671 782 2012 524 3020 1003 3044 396 1670 2417 1205 232 1935 2293 1930 726 3006 3433 614 684 3130 537 2537 1685 3038 3368 1629 806 2260 2486 859 2868 1621 2045 1802 416 1022 1992 1218 475 1974 1489 1562 757 1066 1271 1844 1638 1158 1392 562 2446 2441 1166 2182 1782 3206 1068 287 419 1686 3210 2262 603 3416 1792 815 673 1729 3244 
721 3328 189 2702 1386 2926 1850 516 1232 708 0 925 3511 3021 3184 3157 3661 3295 3700 1311 796 2633 2634 3160 1241 1454 1369 355 554 1307 3789 708 3138 1559 1481 3617 1759 1242 959 1041 3809 3237 2393 4043 3559 1186 2004 3681 1059 2704 3870 2130 730 2133 2732 1602 1726 1892 732 2129 1475 1436 3674 3076 1757 2207 1325 837 1305 959 1122 1693 388 2067 1355 663 3059 3514 1782 1337 1901 3295 2773 1874 307 1042 2336 2520 2439 823 400 3716 53 1670 638 3580 554 760 542 1539 1484 3860 2943 2728 3179 2887 979 1020 3321 3398 928 3326 1803 2249 1952 2201 1045 2762 3671 3085 3474 261 674 1688 3052 3639 1636 3496 396 3870 1843 1384 2238 1211 3613 648 3605 1055 2270 2882 1859 483 2493 2868 2115 1177 3314 3969 935 1392 3697 1104 3080 2232 3491 3712 1719 156 2725 3060 1024 3432 2142 2540 2092 1028 748 2242 1704 775 2572 1557 2183 852 794 1505 2380 1848 1859 1640 1241 2777 2909 1795 2621 2166 3646 1760 802 992 2237 3717 2861 1223 3778 2193 1321 1016 1902 3811 
262 2435 739 1777 1598 2001 984 636 420 834 925 0 2619 2108 2259 2281 2805 2462 2898 883 468 1926 1939 2340 443 1363 450 933 536 1025 2876 403 2212 692 584 2779 1124 800 1381 1348 2960 2330 1513 3237 2716 421 1547 2765 833 1845 2944 1289 1265 1341 1939 1462 816 1042 550 1210 558 1459 2767 2157 1291 1290 1673 889 1221 1452 196 1025 1092 1143 1083 671 2215 2637 1410 925 1578 2374 1848 1012 1021 807 1411 1814 1533 316 895 2905 974 746 305 2766 783 187 662 1418 1305 3043 2084 1968 2335 2009 209 620 2423 2487 1063 2401 1467 1323 1233 1371 1292 1865 2849 2177 2551 1041 652 1265 2143 2741 1239 2570 898 3080 925 1563 1314 945 2844 549 2797 796 1570 2009 1319 752 1719 2099 1197 506 2389 3131 1432 1245 2894 648 2266 1462 2603 2788 830 869 1857 2282 117 2631 1348 1699 1169 702 459 1316 918 1274 1850 677 1529 82 471 581 1587 924 1490 716 936 1855 2038 1206 1739 1267 2749 1364 1119 1244 1470 2859 2126 1387 2857 1302 1639 1499 984 3006 
2790 183 3337 1160 3344 1054 1662 3239 2279 3064 3511 2619 0 572 965 385 410 564 828 2446 2759 1366 1407 683 2273 2861 2171 3551 3141 2605 431 2981 805 1952 2212 540 1971 2466 3489 3357 544 349 1118 988 478 2330 2185 421 2721 843 881 1406 3530 1467 1023 2793 1804 1626 3090 1435 2158 3041 265 601 2228 1601 3553 3002 2861 3597 2431 1973 3542 1528 2608 3229 606 169 2384 2451 2465 529 954 1639 3503 2718 1294 1415 1090 2694 3509 766 3553 1899 2877 705 3371 2805 3258 2819 2725 804 628 1145 533 633 2661 2606 206 297 3099 983 2447 1432 1721 1352 3272 754 679 480 598 3547 2956 2319 515 144 2374 926 3512 988 1861 3285 1500 2646 1007 3124 755 2694 1556 647 2069 3160 1233 1041 1665 2365 756 732 3590 2772 819 2526 751 1427 45 651 2073 3481 804 938 2507 768 1457 1029 1500 2651 3006 1449 1847 3506 1340 2202 1706 2679 2991 2054 1267 1801 2380 1928 2596 890 625 2019 890 1351 146 2345 3281 3262 1430 421 1182 3208 594 1319 3498 3613 1820 858 
2301 411 2840 604 3023 553 1202 2713 1805 2638 3021 2108 572 0 585 444 916 815 1249 2070 2303 1282 1329 835 1803 2551 1658 3031 2617 2250 768 2452 400 1475 1662 989 1637 2073 3106 2986 1074 231 691 1492 913 1863 1964 662 2325 581 955 1009 3117 1129 920 2509 1295 1186 2552 901 1617 2732 662 121 1942 1029 3217 2593 2524 3210 1915 1612 3090 983 2263 2691 652 669 2120 2082 2233 318 388 1185 3042 2318 733 1285 584 2220 2986 1207 3066 1370 2383 1100 2838 2291 2729 2524 2416 1290 526 1074 687 392 2130 2181 367 378 2709 681 2192 866 1394 983 2902 313 1120 95 522 3082 2511 2025 66 662 2073 738 2990 1438 1301 2966 929 2274 1361 2592 1152 2293 1336 433 1791 2706 1036 1036 1094 1917 488 1269 3201 2448 1241 2107 848 1139 576 742 1509 2977 514 1037 2001 1080 1119 743 955 2236 2471 882 1431 3099 1222 1644 1481 2174 2453 1531 1003 1248 2134 1399 2225 318 442 1710 500 862 672 2073 2878 2885 1147 948 1190 2864 779 846 3163 3233 1257 1315 
2489 881 2996 481 3411 257 1516 2801 2044 2917 3184 2259 965 585 0 1005 1372 1373 1764 2429 2549 1846 1893 1411 2051 2959 1828 3129 2713 2625 875 2540 185 1734 1721 1483 2058 2415 3427 3325 1509 668 1121 1953 1411 2112 2451 752 2653 1134 711 1422 3402 1581 1492 2939 1508 1529 2611 1108 1711 3135 879 469 2388 991 3586 2895 2908 3525 2063 2009 3319 1138 2648 2747 1234 1117 2575 2450 2707 436 471 1509 3259 2641 877 1836 936 2439 3076 1711 3233 1524 2557 1623 2905 2426 2809 2945 2828 1765 1111 1646 1257 972 2225 2476 818 668 3033 146 2651 938 1835 1426 3244 832 1622 647 444 3289 2768 2461 638 974 2501 312 3080 1940 1347 3355 946 2631 1906 2667 1676 2617 1848 1013 2248 2943 1575 1618 1081 2194 228 1695 3513 2845 1755 2414 1430 1626 993 630 1508 3114 1066 1622 2167 1632 1572 1268 1117 2545 2542 943 1781 3392 1779 1668 1984 2335 2514 1688 1514 1335 2601 1554 2584 523 1025 2148 1004 1176 985 2523 3181 3218 1636 1386 1771 3234 738 1189 3535 3556 1290 1811 
2438 236 2987 1028 2958 997 1308 2910 1924 2689 3157 2281 385 444 1005 0 544 372 814 2064 2394 1008 1052 411 1916 2475 1840 3215 2811 2221 788 2656 821 1601 1918 575 1586 2086 3106 2973 706 362 768 1085 499 1972 1806 740 2341 464 1166 1035 3152 1085 652 2408 1474 1265 2772 1137 1853 2656 627 543 1843 1380 3167 2624 2475 3214 2099 1591 3173 1240 2222 2910 260 356 2000 2068 2085 621 807 1283 3136 2339 1040 1046 784 2336 3176 779 3198 1585 2528 663 3047 2468 2931 2434 2339 878 242 786 252 272 2340 2233 279 476 2717 1076 2064 1186 1337 976 2888 453 695 363 784 3182 2586 1934 380 529 1989 1083 3179 1008 1589 2900 1268 2263 917 2801 714 2315 1174 275 1684 2792 850 701 1428 1999 855 896 3208 2387 806 2152 446 1042 353 928 1806 3134 432 645 2167 636 1075 646 1212 2274 2686 1206 1475 3126 973 1920 1324 2337 2675 1732 881 1517 1998 1612 2213 722 248 1633 542 1020 532 1961 2901 2878 1045 591 853 2822 907 980 3112 3230 1555 889 
2948 510 3496 1521 3335 1441 1823 3438 2433 3152 3661 2805 410 916 1372 544 0 400 434 2504 2883 1267 1300 554 2422 2852 2370 3737 3339 2640 743 3186 1206 2117 2460 159 2012 2537 3532 3390 162 724 1295 584 143 2475 2130 784 2789 961 1237 1531 3600 1543 990 2765 2007 1772 3307 1681 2394 3029 604 975 2220 1915 3553 3077 2874 3641 2627 2035 3650 1785 2634 3444 604 255 2353 2502 2406 936 1304 1796 3620 2790 1581 1344 1328 2838 3701 366 3700 2124 3040 341 3578 2993 3461 2800 2719 393 721 1068 486 809 2874 2704 567 706 3154 1393 2407 1727 1770 1460 3305 997 284 821 1004 3669 3064 2314 851 457 2373 1332 3704 579 2133 3276 1806 2695 640 3333 383 2766 1538 801 2061 3274 1231 933 1968 2489 1166 355 3637 2778 425 2620 641 1470 379 1024 2350 3647 949 772 2689 464 1533 1121 1757 2736 3220 1746 1961 3570 1270 2464 1679 2857 3210 2267 1309 2061 2335 2150 2646 1228 771 2038 1076 1556 448 2323 3345 3302 1469 58 1041 3220 943 1513 3498 3651 2099 450 
2589 522 3134 1389 2934 1369 1478 3098 2075 2766 3295 2462 564 815 1373 372 400 0 474 2111 2509 871 905 153 2062 2451 2039 3388 2998 2244 991 2852 1189 1770 2165 322 1618 2147 3135 2991 524 712 979 789 272 2112 1730 984 2398 630 1441 1174 3207 1164 592 2365 1685 1420 2979 1402 2089 2628 827 914 1820 1699 3153 2686 2474 3244 2291 1646 3268 1511 2236 3114 253 419 1952 2108 2007 969 1169 1450 3240 2400 1347 944 1060 2472 3355 458 3331 1815 2682 324 3242 2648 3123 2399 2318 586 412 667 146 548 2546 2322 585 784 2759 1435 2007 1494 1380 1097 2907 766 391 734 1107 3291 2684 1913 752 687 1973 1423 3358 671 1865 2875 1583 2300 547 2999 368 2377 1138 524 1661 2895 835 535 1736 2118 1209 674 3241 2378 467 2237 240 1081 518 1207 2083 3288 639 390 2345 264 1155 763 1485 2350 2890 1515 1590 3177 869 2181 1278 2508 2884 1947 922 1783 1935 1839 2251 1081 493 1640 783 1249 683 1922 2951 2905 1079 458 654 2820 1157 1198 3097 3253 1838 568 
3007 882 3547 1843 3208 1799 1921 3534 2499 3132 3700 2898 828 1249 1764 814 434 474 0 2466 2906 1132 1151 563 2484 2736 2487 3815 3434 2575 1176 3294 1588 2207 2629 288 1973 2512 3457 3306 389 1097 1444 343 353 2530 1985 1218 2754 1095 1671 1610 3552 1570 968 2631 2141 1856 3426 1873 2551 2905 1038 1331 2122 2173 3434 3042 2780 3565 2735 2019 3643 1984 2559 3559 724 660 2227 2457 2249 1334 1622 1891 3622 2759 1821 1232 1534 2883 3785 73 3733 2276 3102 152 3681 3083 3561 2673 2609 189 886 983 620 1022 2995 2703 946 1114 3097 1801 2269 1969 1753 1527 3224 1238 150 1159 1426 3677 3067 2215 1183 891 2277 1754 3787 197 2337 3151 2057 2641 229 3441 106 2737 1465 998 1969 3280 1207 838 2211 2523 1572 381 3565 2678 9 2617 632 1467 790 1458 2555 3704 1110 646 2781 268 1562 1208 1957 2722 3336 1989 2002 3517 1165 2650 1587 2940 3332 2403 1321 2254 2195 2300 2594 1537 968 1975 1256 1714 882 2205 3294 3228 1462 453 886 3117 1377 1662 3379 3569 2311 111 
783 2273 1203 1990 985 2195 914 1354 595 669 1311 883 2446 2070 2429 2064 2504 2111 2466 0 557 1353 1347 1964 567 576 882 1532 1272 204 2801 1216 2319 754 1215 2430 494 85 1043 917 2636 2246 1379 2807 2383 535 711 2714 287 1602 3014 1062 1096 979 1521 625 995 902 1371 1339 1123 732 2658 2159 454 1652 1157 577 487 1151 890 473 1184 1346 245 1457 1905 2406 533 42 696 2382 1960 919 1173 293 1570 1244 1513 635 1526 2493 1333 1074 866 2363 1508 985 1393 598 472 2639 1826 1483 2020 1817 1089 311 2286 2414 653 2574 585 1563 734 1100 833 1764 2460 2106 2584 1232 638 401 2078 2587 364 2711 1527 2621 1363 931 1610 204 2351 1335 2379 272 1001 1799 548 844 1277 1627 1576 410 2482 2773 1144 449 2464 246 1878 1035 2416 2811 1409 1364 1644 1820 817 2203 989 1417 1358 283 1290 1569 648 1067 1305 1319 893 854 1318 979 1197 1296 614 1056 156 1924 1820 497 1586 1254 2591 493 841 818 1035 2562 1593 805 2847 1248 1106 1169 1410 2578 
258 2578 661 2076 1130 2297 1103 800 506 389 796 468 2759 2303 2549 2394 2883 2509 2906 557 0 1838 1840 2372 503 926 746 979 723 630 3067 694 2475 830 1000 2832 967 476 938 889 3028 2508 1643 3250 2776 441 1269 2966 398 1934 3201 1359 861 1345 1939 1041 1041 1133 843 1448 943 1003 2940 2372 1011 1634 1210 424 776 1020 589 898 786 1411 688 912 2279 2749 1080 592 1230 2596 2105 1124 743 372 1674 1725 1719 152 970 2925 827 1038 322 2789 953 486 840 990 889 3069 2172 1932 2399 2128 666 245 2578 2673 598 2695 1121 1617 1156 1424 828 2024 2881 2359 2787 788 220 957 2326 2892 915 2853 971 3075 1284 1095 1632 537 2817 796 2812 369 1474 2119 1089 403 1699 2073 1545 395 2649 3183 1003 817 2903 321 2290 1439 2736 3023 1241 823 1961 2265 474 2639 1354 1763 1432 293 771 1616 922 859 1776 1103 1392 401 806 885 1590 1254 1161 1010 544 2093 2145 1011 1869 1441 2899 1045 675 782 1443 2940 2065 919 3077 1459 1174 1062 1341 3017 
1980 1244 2496 1621 2083 1720 1053 2544 1507 2023 2633 1926 1366 1282 1846 1008 1267 871 1132 1353 1838 0 46 719 1485 1606 1586 2793 2446 1447 1791 2329 1671 1280 1827 1156 874 1408 2325 2174 1368 1334 857 1467 1129 1518 866 1748 1639 712 2167 775 2426 628 366 1508 1318 972 2475 1250 1728 1778 1626 1403 989 1667 2307 1925 1648 2433 1797 941 2537 1351 1428 2597 760 1261 1099 1340 1139 1570 1450 1023 2524 1647 1346 113 1060 1842 2772 1170 2661 1475 2076 1050 2698 2099 2576 1546 1478 1315 791 222 839 893 2066 1616 1287 1477 1970 1959 1147 1460 696 692 2091 1015 1153 1256 1761 2582 1976 1083 1247 1507 1144 2019 2774 1273 1655 2025 1556 1518 999 2474 1057 1626 364 854 838 2188 315 335 1658 1480 1771 1473 2433 1546 1131 1530 635 493 1324 1931 1847 2658 780 504 1813 883 625 605 1335 1622 2384 1480 1011 2390 91 1884 461 1950 2391 1548 448 1556 1073 1488 1473 1366 852 856 861 1043 1507 1075 2168 2096 481 1324 245 1986 1915 985 2251 2436 1656 1243 
1987 1287 2500 1667 2060 1767 1080 2554 1520 2017 2634 1939 1407 1329 1893 1052 1300 905 1151 1347 1840 46 0 754 1497 1585 1607 2800 2457 1435 1833 2342 1718 1301 1853 1185 874 1404 2309 2157 1397 1380 900 1483 1160 1529 839 1792 1632 759 2212 808 2414 656 412 1483 1346 999 2489 1288 1753 1755 1667 1450 973 1707 2284 1917 1630 2417 1814 945 2531 1388 1415 2610 802 1299 1076 1332 1110 1616 1496 1050 2520 1640 1388 127 1104 1848 2780 1191 2662 1504 2083 1074 2709 2111 2586 1523 1457 1336 836 265 878 939 2083 1615 1330 1521 1958 2006 1122 1501 707 727 2075 1062 1177 1302 1806 2578 1974 1066 1294 1547 1128 2065 2781 1287 1688 2002 1596 1508 1010 2486 1078 1620 371 901 825 2185 357 371 1696 1487 1817 1497 2417 1527 1151 1530 671 520 1365 1975 1878 2661 826 532 1827 906 653 651 1373 1619 2398 1520 1027 2377 130 1912 454 1961 2406 1573 486 1589 1048 1516 1464 1412 899 850 908 1082 1547 1054 2156 2081 508 1356 266 1966 1959 1023 2229 2419 1690 1261 
2459 608 3003 1375 2781 1380 1360 2977 1947 2621 3160 2340 683 835 1411 411 554 153 563 1964 2372 719 754 0 1933 2299 1925 3263 2877 2094 1114 2734 1226 1648 2067 465 1470 2002 2985 2840 673 772 883 897 422 1982 1577 1096 2251 536 1545 1051 3060 1027 443 2211 1578 1297 2864 1318 1987 2475 948 944 1667 1642 3000 2540 2323 3094 2174 1502 3126 1430 2085 2998 192 554 1799 1960 1854 1031 1158 1330 3099 2254 1287 791 989 2339 3231 564 3196 1713 2552 426 3122 2526 3002 2245 2166 703 355 514 162 508 2432 2180 666 869 2610 1487 1853 1433 1235 970 2756 726 511 764 1187 3152 2543 1761 775 815 1821 1493 3233 755 1782 2722 1524 2151 577 2881 459 2231 986 476 1508 2755 687 383 1673 1983 1266 812 3091 2226 558 2095 87 937 638 1308 1999 3158 560 254 2223 308 1018 645 1404 2207 2774 1454 1456 3029 716 2090 1125 2384 2770 1839 782 1697 1782 1736 2102 1067 448 1490 708 1153 813 1769 2803 2755 935 612 508 2668 1268 1099 2944 3102 1759 668 
526 2091 1073 1581 1478 1800 611 1062 30 867 1241 443 2273 1803 2051 1916 2422 2062 2484 567 503 1485 1497 1933 0 1130 318 1331 963 757 2569 845 1972 328 648 2383 687 501 1393 1312 2572 2012 1154 2826 2323 61 1143 2466 662 1463 2698 891 1351 915 1518 1192 542 651 994 946 558 1268 2446 1870 897 1164 1609 857 1016 1486 358 586 1287 914 807 1112 1822 2273 1044 607 1219 2094 1603 634 1239 643 1173 1372 1218 420 1303 2495 1281 562 619 2357 1215 614 1092 1162 1037 2636 1703 1537 1943 1647 610 449 2087 2175 1011 2197 1111 1125 790 965 1237 1530 2444 1861 2284 1279 718 890 1828 2404 879 2353 1305 2662 836 1431 1148 709 2418 989 2385 622 1127 1641 899 904 1290 1670 1079 171 2146 2736 1472 1003 2480 412 1856 1030 2252 2520 851 1226 1484 1857 335 2216 923 1302 934 531 903 1125 484 1343 1410 753 1086 465 914 433 1164 787 1119 538 679 1589 1668 778 1383 941 2410 992 1139 1203 1037 2477 1689 1275 2575 962 1564 1522 889 2593 
1184 2700 1416 2538 483 2735 1460 1678 1156 753 1454 1363 2861 2551 2959 2475 2852 2451 2736 576 926 1606 1585 2299 1130 0 1449 1760 1617 374 3246 1615 2836 1329 1776 2755 914 630 765 605 2966 2705 1867 3065 2720 1090 756 3170 532 2031 3506 1550 934 1424 1866 152 1567 1434 1759 1893 1688 181 3093 2651 634 2224 701 624 154 868 1418 950 1179 1910 330 1811 2279 2796 509 542 530 2869 2488 1461 1210 558 2120 1515 2027 1060 1774 2776 1454 1650 1240 2656 1817 1412 1720 88 136 2921 2233 1787 2385 2254 1572 745 2722 2871 533 3102 475 2125 1158 1567 534 2239 2759 2575 3073 1277 857 542 2550 3005 486 3229 1773 2864 1939 425 2177 427 2583 1703 2663 567 1316 2230 794 985 1635 1927 2150 963 2992 3079 873 127 2736 737 2211 1437 2826 3292 1980 1559 2084 2109 1326 2490 1434 1845 1920 661 1693 2132 1186 886 1587 1882 1173 1312 1730 1553 1595 1872 550 1632 451 2443 2246 846 2053 1785 3008 531 708 561 1433 2910 1851 389 3315 1770 646 857 1986 2845 
661 1987 1186 1348 1791 1572 567 1070 293 1133 1369 450 2171 1658 1828 1840 2370 2039 2487 882 746 1586 1607 1925 318 1449 0 1379 971 1075 2426 816 1771 306 336 2352 902 819 1676 1607 2526 1879 1074 2822 2286 364 1397 2315 974 1414 2503 880 1607 967 1545 1507 367 638 940 760 241 1586 2316 1707 1168 889 1912 1143 1335 1762 259 795 1492 698 1124 1076 1789 2194 1330 921 1506 1926 1405 598 1431 954 967 1479 1084 619 1338 2489 1417 303 733 2350 1208 634 1091 1479 1354 2624 1650 1594 1907 1568 507 754 1974 2036 1306 1972 1401 889 927 967 1536 1417 2429 1727 2105 1460 965 1175 1693 2292 1172 2137 1341 2674 539 1745 893 1028 2450 963 2384 933 1252 1570 1140 1122 1342 1715 799 488 1947 2702 1746 1321 2482 727 1855 1099 2156 2342 533 1319 1421 1890 345 2223 973 1279 723 840 851 885 593 1605 1502 439 1247 518 845 141 1202 509 1402 274 997 1407 1600 1008 1298 821 2300 1276 1415 1498 1109 2422 1761 1585 2409 859 1869 1802 596 2593 
814 3367 343 2652 1732 2872 1914 327 1316 1007 355 933 3551 3031 3129 3215 3737 3388 3815 1532 979 2793 2800 3263 1331 1760 1379 0 417 1565 3796 589 3104 1620 1408 3708 1934 1454 1314 1390 3891 3256 2447 4157 3645 1287 2242 3683 1314 2776 3831 2214 1086 2247 2850 1903 1747 1969 535 2130 1428 1760 3692 3073 1986 2139 1680 1135 1607 1315 1119 1855 743 2053 1618 417 3144 3571 2037 1564 2171 3286 2749 1942 663 1292 2317 2680 2463 951 64 3826 389 1661 718 3688 263 746 325 1842 1773 3966 3016 2864 3264 2943 908 1223 3354 3410 1249 3266 2067 2213 2099 2293 1387 2797 3773 3104 3454 615 925 1927 3069 3672 1880 3441 59 3994 1784 1727 2188 1467 3748 467 3717 1301 2429 2942 2069 775 2620 3000 2048 1312 3279 4060 1290 1685 3812 1301 3186 2358 3535 3690 1626 210 2790 3188 1048 3548 2255 2625 2080 1253 591 2203 1815 1130 2725 1464 2360 880 625 1500 2495 1808 2116 1632 1490 2764 2971 1987 2673 2200 3680 2008 1144 1333 2365 3791 3010 1561 3765 2235 1674 1372 1840 3925 
492 2958 385 2235 1706 2456 1520 99 944 907 554 536 3141 2617 2713 2811 3339 2998 3434 1272 723 2446 2457 2877 963 1617 971 417 0 1352 3380 173 2686 1229 991 3315 1612 1188 1358 1388 3494 2843 2045 3774 3251 928 1979 3266 1111 2379 3414 1825 1168 1874 2474 1746 1338 1579 186 1716 1010 1660 3278 2657 1719 1723 1709 1018 1463 1393 712 1523 877 1637 1410 193 2751 3166 1801 1309 1953 2869 2332 1548 790 1086 1901 2334 2052 641 369 3441 608 1247 405 3303 251 351 129 1691 1600 3580 2618 2499 2871 2539 490 962 2943 2996 1171 2851 1844 1796 1750 1907 1361 2387 3386 2690 3037 774 763 1673 2656 3260 1634 3026 372 3616 1367 1687 1771 1257 3378 103 3334 1087 2086 2540 1778 705 2251 2631 1632 978 2862 3666 1369 1521 3430 1027 2803 1992 3127 3272 1214 431 2390 2817 653 3168 1881 2235 1664 1016 195 1786 1447 1199 2373 1051 2032 498 239 1087 2121 1390 1882 1217 1267 2348 2570 1680 2269 1793 3268 1764 1131 1306 2000 3392 2653 1509 3348 1830 1690 1449 1423 3542 
881 2436 1225 2190 786 2394 1112 1426 784 614 1307 1025 2605 2250 2625 2221 2640 2244 2575 204 630 1447 1435 2094 757 374 1075 1565 1352 0 2971 1321 2511 959 1404 2558 634 255 891 752 2767 2419 1559 2913 2516 719 702 2887 251 1763 3199 1241 978 1141 1652 442 1199 1096 1472 1540 1315 527 2824 2343 475 1856 967 498 284 1000 1058 639 1121 1550 58 1543 2048 2557 475 176 606 2565 2155 1116 1125 273 1771 1343 1703 742 1568 2607 1320 1277 953 2480 1575 1100 1467 406 284 2753 1980 1597 2160 1982 1234 408 2452 2587 522 2770 501 1766 883 1272 667 1942 2580 2282 2768 1189 641 392 2256 2747 334 2904 1568 2721 1566 731 1814 97 2446 1426 2493 267 1113 1962 610 824 1409 1742 1780 592 2672 2896 997 247 2574 378 2007 1181 2574 2992 1606 1381 1809 1932 974 2317 1151 1576 1562 338 1397 1772 843 942 1409 1510 988 983 1430 1178 1343 1500 552 1259 89 2116 1981 604 1761 1448 2751 454 721 661 1179 2699 1692 614 3024 1439 914 1011 1613 2686 
3069 553 3609 1230 3726 1058 1963 3476 2571 3393 3789 2876 431 768 875 788 743 991 1176 2801 3067 1791 1833 1114 2569 3246 2426 3796 3380 2971 0 3213 781 2241 2413 899 2342 2812 3844 3718 815 559 1433 1242 856 2628 2593 125 3067 1214 498 1742 3868 1830 1440 3186 2063 1940 3309 1667 2375 3427 166 724 2618 1733 3930 3341 3235 3950 2682 2332 3854 1743 2978 3448 1030 575 2781 2810 2871 527 1070 1944 3808 3062 1483 1834 1352 2987 3750 1105 3834 2135 3151 1079 3598 3058 3490 3209 3109 1097 1026 1569 964 991 2891 2934 524 393 3449 827 2847 1602 2092 1700 3633 1045 1027 708 430 3848 3272 2707 740 305 2760 699 3753 1301 2043 3668 1650 3004 1382 3352 1125 3037 1959 1016 2460 3470 1635 1470 1811 2678 647 960 3942 3151 1167 2858 1182 1808 475 315 2240 3745 1163 1369 2769 1172 1820 1401 1716 2986 3230 1616 2177 3848 1760 2385 2109 2942 3209 2298 1652 2000 2782 2165 2954 1038 1001 2400 1215 1628 310 2740 3625 3619 1813 724 1613 3580 210 1608 3875 3970 1994 1176 
439 2797 527 2063 1752 2283 1374 263 822 946 708 403 2981 2452 2540 2656 3186 2852 3294 1216 694 2329 2342 2734 845 1615 816 589 173 1321 3213 0 2515 1087 819 3167 1515 1131 1438 1451 3343 2678 1891 3631 3102 817 1911 3099 1091 2229 3242 1683 1266 1742 2339 1735 1181 1437 155 1551 840 1676 3113 2490 1652 1550 1776 1044 1463 1483 560 1420 1000 1470 1379 268 2603 3009 1750 1256 1909 2700 2162 1403 915 1066 1732 2217 1890 582 538 3298 762 1083 374 3160 391 238 277 1683 1583 3435 2467 2371 2722 2384 322 917 2781 2830 1208 2678 1799 1625 1635 1766 1414 2227 3241 2526 2866 908 783 1614 2491 3098 1581 2853 542 3478 1195 1728 1599 1230 3244 147 3192 1063 1972 2386 1697 772 2121 2500 1459 885 2691 3517 1461 1510 3289 970 2662 1864 2967 3102 1041 597 2237 2683 518 3028 1749 2090 1498 982 78 1615 1321 1291 2253 878 1927 386 119 926 1987 1220 1831 1054 1233 2179 2416 1591 2114 1635 3106 1709 1196 1360 1873 3239 2528 1548 3178 1675 1753 1538 1251 3401 
2432 707 2952 464 3295 277 1412 2778 1968 2834 3138 2212 805 400 185 821 1206 1189 1588 2319 2475 1671 1718 1226 1972 2836 1771 3104 2686 2511 781 2515 0 1649 1698 1310 1927 2310 3332 3224 1348 491 978 1790 1238 2034 2301 655 2553 960 731 1288 3318 1438 1313 2809 1434 1417 2595 1027 1677 3013 755 283 2251 983 3476 2804 2792 3432 2016 1885 3253 1073 2531 2734 1049 950 2436 2337 2562 283 369 1402 3197 2543 805 1665 808 2373 3053 1537 3186 1468 2505 1446 2888 2385 2788 2817 2703 1598 927 1468 1072 790 2196 2386 644 513 2936 289 2511 892 1697 1284 3142 663 1448 461 366 3229 2691 2328 453 831 2370 393 3057 1767 1322 3238 918 2522 1725 2646 1498 2519 1689 831 2107 2873 1407 1435 1068 2108 176 1538 3421 2725 1579 2320 1245 1473 829 592 1501 3076 892 1436 2115 1450 1429 1102 1049 2451 2522 901 1670 3306 1606 1655 1828 2286 2497 1634 1354 1297 2459 1498 2475 394 842 2013 841 1066 843 2385 3091 3119 1483 1224 1589 3123 683 1071 3424 3461 1267 1639 
838 1768 1386 1271 1728 1487 294 1328 330 1184 1559 692 1952 1475 1734 1601 2117 1770 2207 754 830 1280 1301 1648 328 1329 306 1620 1229 959 2241 1087 1649 0 592 2088 635 716 1695 1600 2270 1685 835 2545 2025 389 1144 2138 931 1156 2372 597 1669 665 1253 1359 242 350 1222 625 486 1486 2119 1542 937 897 1881 1161 1240 1792 531 529 1616 608 998 1353 1524 1958 1116 786 1289 1765 1280 321 1567 917 857 1173 890 746 1585 2213 1601 331 926 2074 1474 878 1354 1342 1215 2351 1396 1294 1644 1330 797 742 1763 1848 1303 1880 1192 824 625 679 1522 1205 2157 1534 1956 1606 1043 964 1501 2080 973 2032 1588 2391 620 1677 861 938 2159 1234 2106 893 947 1327 882 1233 1042 1418 821 460 1822 2439 1779 1203 2202 685 1575 795 1932 2192 713 1533 1172 1598 575 1941 671 1006 625 815 1131 827 293 1658 1197 676 947 739 1131 301 905 545 1180 321 898 1263 1355 747 1063 613 2087 1059 1447 1492 805 2171 1459 1535 2247 635 1832 1824 663 2314 
843 2031 1291 1244 2096 1464 773 1081 620 1388 1481 584 2212 1662 1721 1918 2460 2165 2629 1215 1000 1827 1853 2067 648 1776 336 1408 991 1404 2413 819 1698 592 0 2463 1221 1149 1938 1886 2621 1893 1185 2954 2393 686 1724 2295 1284 1535 2423 1071 1841 1198 1729 1840 511 854 898 781 105 1906 2323 1689 1500 732 2202 1419 1656 2017 413 1114 1675 684 1455 1037 1911 2260 1666 1255 1842 1893 1350 804 1604 1262 931 1726 1133 854 1356 2622 1533 359 887 2486 1190 722 1089 1810 1685 2750 1758 1802 2025 1652 506 1059 2008 2037 1589 1859 1738 813 1211 1159 1820 1470 2555 1743 2053 1621 1209 1511 1708 2320 1508 2034 1360 2822 376 2053 780 1351 2620 948 2524 1243 1517 1662 1465 1332 1554 1909 641 813 1873 2806 1998 1649 2624 1045 2006 1333 2204 2287 246 1398 1527 2071 530 2373 1201 1432 712 1147 823 801 884 1846 1739 106 1533 666 799 291 1409 414 1736 341 1324 1374 1693 1331 1389 915 2329 1611 1675 1778 1345 2509 1976 1887 2367 967 2162 2061 432 2730 
2910 604 3456 1591 3235 1531 1795 3415 2396 3087 3617 2779 540 989 1483 575 159 322 288 2430 2832 1156 1185 465 2383 2755 2352 3708 3315 2558 899 3167 1310 2088 2463 0 1936 2467 3449 3304 212 821 1283 509 76 2434 2022 934 2717 938 1391 1494 3525 1486 908 2662 1994 1738 3292 1691 2392 2930 755 1062 2126 1955 3456 3006 2784 3558 2606 1967 3590 1798 2549 3428 563 372 2251 2426 2296 1051 1371 1767 3562 2720 1612 1241 1341 2794 3673 228 3654 2119 3003 181 3558 2966 3439 2699 2623 302 705 968 444 818 2859 2644 666 828 3076 1516 2302 1759 1700 1417 3220 1023 139 897 1138 3614 3006 2220 923 607 2281 1466 3676 456 2150 3177 1842 2617 482 3314 225 2697 1448 803 1969 3218 1153 828 2001 2440 1286 352 3555 2686 279 2559 552 1402 502 1173 2368 3610 937 653 2662 313 1477 1082 1771 2672 3203 1779 1912 3494 1167 2474 1584 2827 3196 2256 1245 2073 2229 2144 2568 1290 772 1954 1075 1551 598 2223 3269 3219 1400 198 921 3128 1096 1503 3401 3566 2119 329 
1129 1803 1627 1660 1387 1845 618 1706 715 1158 1759 1124 1971 1637 2058 1586 2012 1618 1973 494 967 874 874 1470 687 914 902 1934 1612 634 2342 1515 1927 635 1221 1936 0 538 1523 1387 2142 1795 954 2316 1890 702 511 2262 782 1130 2592 639 1589 512 1027 881 816 567 1669 1040 1116 1094 2193 1737 342 1427 1587 1071 893 1632 1041 107 1670 1084 636 1778 1415 1923 534 490 693 1955 1588 607 1653 786 1252 762 1121 985 1918 2000 1787 951 1224 1868 1862 1278 1741 890 779 2145 1345 990 1529 1351 1298 741 1821 1962 1142 2199 613 1286 250 653 1301 1325 1966 1663 2159 1710 1102 405 1637 2114 443 2320 1919 2131 1225 1329 1355 683 1865 1653 1886 764 514 1329 249 1314 782 1134 1370 634 2080 2279 1627 811 1971 656 1384 546 1939 2378 1345 1789 1179 1327 1021 1710 522 943 1087 751 1579 1298 365 1559 818 1310 426 1129 1595 934 709 1136 581 947 634 1538 1348 114 1140 898 2117 478 1333 1294 545 2070 1108 1238 2404 874 1533 1645 1257 2085 
698 2291 1127 1969 1012 2178 899 1271 528 620 1242 800 2466 2073 2415 2086 2537 2147 2512 85 476 1408 1404 2002 501 630 819 1454 1188 255 2812 1131 2310 716 1149 2467 538 0 1032 915 2671 2255 1384 2854 2419 465 793 2723 255 1622 3012 1070 1066 1001 1560 692 958 895 1286 1317 1059 775 2672 2160 534 1613 1173 540 526 1137 812 501 1132 1317 306 1372 1935 2432 618 125 781 2384 1948 908 1116 254 1549 1297 1509 550 1447 2537 1265 1027 783 2405 1425 899 1310 661 536 2683 1850 1528 2051 1834 1006 231 2301 2423 637 2561 669 1534 767 1115 832 1771 2502 2113 2584 1174 571 485 2084 2605 449 2701 1447 2670 1314 961 1577 222 2403 1250 2423 230 1051 1818 618 781 1315 1673 1535 338 2476 2813 1129 502 2509 161 1917 1067 2437 2813 1350 1289 1662 1866 737 2248 1011 1439 1331 215 1205 1539 643 1040 1356 1254 949 769 1233 923 1227 1251 699 1007 182 1916 1840 556 1597 1244 2610 578 815 812 1068 2594 1645 823 2852 1242 1123 1159 1363 2623 
1123 3317 1020 2966 465 3182 1920 1376 1407 550 959 1381 3489 3106 3427 3106 3532 3135 3457 1043 938 2325 2309 2985 1393 765 1676 1314 1358 891 3844 1438 3332 1695 1938 3449 1523 1032 0 160 3658 3288 2417 3792 3407 1334 1507 3755 781 2645 4042 2102 238 2022 2543 907 1929 1923 1540 2319 1882 647 3702 3191 1335 2556 366 536 682 109 1525 1516 581 2301 900 1531 2939 3446 1255 1038 1296 3415 2966 1932 653 789 2551 2224 2538 1084 1352 3491 934 1954 1120 3366 1471 1325 1414 848 870 3637 2867 2485 3052 2861 1552 952 3329 3456 396 3573 1234 2516 1771 2144 235 2804 3467 3146 3615 709 730 1242 3117 3630 1180 3721 1349 3596 2215 485 2542 843 3318 1461 3377 814 2001 2843 1487 667 2301 2629 2469 1237 3500 3784 109 788 3456 1013 2898 2070 3459 3845 2179 1106 2688 2817 1409 3202 2032 2460 2319 881 1509 2517 1675 188 2293 2040 1871 1302 1556 1811 2233 2177 1308 1928 892 2940 2864 1495 2629 2268 3635 1265 263 230 2069 3590 2570 388 3885 2270 364 128 2271 3568 
1099 3187 1077 2870 345 3084 1812 1417 1328 518 1041 1348 3357 2986 3325 2973 3390 2991 3306 917 889 2174 2157 2840 1312 605 1607 1390 1388 752 3718 1451 3224 1600 1886 3304 1387 915 160 0 3513 3164 2296 3641 3263 1254 1349 3632 672 2514 3928 1979 364 1890 2400 747 1839 1810 1564 2220 1823 489 3573 3075 1184 2477 327 467 527 263 1477 1385 684 2209 756 1570 2800 3309 1098 908 1136 3298 2861 1822 745 684 2453 2075 2425 1040 1423 3342 1022 1874 1110 3218 1524 1314 1456 688 712 3488 2732 2338 2911 2732 1532 864 3201 3332 301 3471 1075 2425 1636 2017 85 2682 3319 3024 3499 806 699 1091 2996 3499 1029 3615 1420 3444 2143 351 2456 713 3164 1489 3228 708 1856 2712 1338 683 2159 2481 2391 1149 3391 3637 268 632 3306 915 2753 1933 3326 3728 2123 1180 2559 2669 1364 3053 1901 2328 2225 786 1524 2427 1559 312 2144 1990 1722 1273 1570 1739 2096 2099 1149 1850 763 2831 2732 1352 2504 2158 3503 1109 257 109 1932 3448 2420 231 3764 2157 302 262 2199 3417 
3098 664 3646 1677 3447 1591 1976 3593 2583 3289 3809 2960 544 1074 1509 706 162 524 389 2636 3028 1368 1397 673 2572 2966 2526 3891 3494 2767 815 3343 1348 2270 2621 212 2142 2671 3658 3513 0 875 1452 446 252 2624 2234 876 2922 1114 1313 1681 3731 1684 1115 2874 2165 1923 3464 1842 2554 3141 696 1127 2337 2077 3668 3210 2994 3767 2783 2170 3790 1946 2758 3601 749 406 2463 2632 2508 1073 1462 1949 3761 2924 1744 1452 1490 2985 3855 315 3847 2283 3190 355 3734 3147 3616 2911 2835 282 876 1179 629 969 3031 2844 718 840 3283 1521 2514 1889 1904 1607 3429 1159 262 978 1122 3812 3205 2431 1009 559 2491 1447 3858 486 2295 3389 1968 2824 616 3489 380 2901 1658 960 2179 3416 1359 1040 2130 2635 1297 195 3764 2896 381 2760 760 1604 519 1115 2512 3798 1105 865 2843 512 1675 1269 1918 2874 3377 1908 2106 3701 1379 2626 1795 3010 3368 2425 1445 2223 2441 2309 2775 1387 930 2163 1235 1715 548 2435 3475 3428 1603 125 1133 3338 1023 1670 3612 3775 2261 365 
2516 216 3059 811 3183 717 1405 2939 2015 2833 3237 2330 349 231 668 362 724 712 1097 2246 2508 1334 1380 772 2012 2705 1879 3256 2843 2419 559 2678 491 1685 1893 821 1795 2255 3288 3164 875 0 873 1308 747 2071 2081 468 2509 683 835 1185 3309 1283 969 2653 1514 1381 2780 1127 1846 2886 436 253 2084 1258 3382 2782 2688 3393 2138 1780 3295 1212 2429 2920 617 470 2254 2256 2356 260 606 1385 3250 2504 965 1356 798 2431 3212 1047 3282 1596 2600 955 3066 2514 2956 2672 2569 1112 543 1115 610 462 2357 2375 157 168 2893 723 2323 1097 1547 1147 3079 486 958 152 429 3291 2713 2170 187 431 2221 721 3215 1277 1533 3124 1160 2450 1238 2819 1007 2479 1445 494 1928 2911 1129 1048 1325 2119 497 1069 3385 2607 1088 2299 808 1273 360 603 1741 3198 624 1006 2221 967 1273 865 1184 2427 2699 1114 1618 3289 1287 1875 1594 2394 2681 1756 1123 1479 2262 1625 2400 545 488 1859 659 1072 440 2210 3066 3064 1279 749 1202 3031 610 1050 3328 3414 1489 1150 
