0 1699 1845 942 2709 1440 1315 1751 1226 1379 1953 542 744 1288 511 1371 1957 876 1267 956 2104 1759 2015 658 2052 1051 462 2477 844 1615 1136 806 1648 2229 1738 1491 1043 2487 2392 379 1641 1195 2875 1519 1646 576 1203 1728 861 2216 1523 1977 32 1545 1114 2651 1512 2503 1782 1058 948 2002 1472 961 1023 1443 1040 1690 1598 2350 2454 2217 1863 1561 1637 2456 1238 1254 740 1224 1723 1365 2029 1859 215 2526 2317 2507 1830 2142 2315 1361 924 2431 2400 2036 1832 2406 1271 1650 2595 2045 1674 1307 1224 1749 769 2047 2361 807 2388 1768 1954 2013 1150 806 740 1918 2649 1181 2426 2098 2415 2298 463 2170 1529 1750 2763 825 2546 809 2325 1540 1410 1848 379 1839 2471 1285 1282 744 1071 1932 2206 1404 1055 2490 1412 2096 
1699 0 1118 1352 1157 552 2851 972 2573 1824 2632 1580 1022 1561 1234 2436 1266 1973 1871 1195 617 853 349 2191 1348 2499 1244 1145 2041 331 767 2332 1803 1449 76 1685 2233 1090 1052 1477 713 1111 1299 2432 1892 1903 782 2417 1872 628 2577 2658 1714 499 1051 1195 1661 1508 988 1107 2336 585 2466 1171 708 2254 893 208 1335 679 1019 777 1124 1649 715 772 503 2638 1107 476 1919 2751 630 2564 1484 922 2739 1292 667 1376 616 1873 1640 733 717 2505 2024 1314 1783 1762 1212 389 2451 494 1885 1117 930 997 1335 1177 715 909 822 1138 606 1286 2335 1071 1156 2290 755 672 717 857 1901 888 2585 2556 1064 889 894 2269 743 695 2535 1861 2046 579 830 992 1774 2126 1565 2125 1253 2586 668 1293 518 2656 
1845 1118 0 975 2130 1544 2533 2042 2141 1075 1769 1413 1545 863 1626 1842 2349 1569 1199 1918 806 1938 1073 2012 2439 2165 1453 2233 1672 792 1575 2107 886 2555 1061 849 1783 2162 2145 1477 414 1962 2229 1744 992 1688 1640 1604 1466 1655 1940 1793 1841 1545 1865 2231 809 2626 130 790 1996 1695 1818 1897 1347 1555 1651 910 415 1220 2081 1863 17 763 1780 1326 960 2221 1674 1148 982 2312 1739 1729 1690 1878 1747 2396 483 2477 1383 1141 1195 1499 1570 1565 1055 2430 1100 837 2279 1057 1678 1375 1243 2171 1303 2112 2453 1809 1247 1991 1938 2242 954 1061 2178 114 2173 1768 1261 729 1481 1935 1763 2001 1948 1776 1657 1382 1278 2005 1754 1728 1954 851 2046 1695 1204 561 1082 1851 1025 1134 2368 2031 1311 2400 1492 1733 
942 1352 975 0 2508 1433 1607 1918 1262 579 1362 444 994 383 933 1083 2206 654 560 1407 1486 1862 1552 1039 2307 1237 689 2432 743 1102 1263 1143 757 2467 1349 592 905 2399 2337 564 921 1563 2651 1090 787 714 1350 1130 547 1977 1225 1389 929 1500 1454 2528 602 2653 950 257 1065 1869 1115 1394 1011 921 1260 1230 665 1842 2339 2087 993 642 1699 1958 871 1335 1105 1008 854 1441 1909 1281 846 2275 1597 2534 1135 2377 1900 602 290 2028 2045 1323 974 2496 497 746 2521 1564 1138 1234 557 1992 766 2125 2484 1250 1879 1898 1975 2177 775 163 1205 1070 2497 944 1909 1448 2009 2172 787 2134 1233 1241 2301 896 1989 1048 2093 1610 1183 938 1080 1771 1909 473 496 893 240 1083 2353 1238 1005 2527 1382 1439 
2709 1157 2130 2508 0 1273 3953 1166 3707 2974 3776 2701 1966 2710 2201 3591 1237 3115 3027 1918 1350 1077 1059 3279 1236 3615 2293 448 3177 1448 1585 3426 2924 1183 1170 2820 3376 351 460 2565 1787 1710 170 3590 3019 3014 1534 3567 3018 530 3733 3803 2731 1165 1726 218 2793 967 2014 2265 3457 707 3623 1898 1694 3410 1700 1309 2435 974 315 499 2130 2773 1127 910 1644 3768 1996 1551 3038 3882 683 3712 2497 251 3848 629 1649 1179 761 3025 2794 667 569 3631 3135 799 2938 2880 355 1073 3605 1406 3042 1285 1980 872 884 1992 964 1104 847 1047 1745 2433 3408 2046 140 3441 973 1435 682 428 2994 625 3741 3710 766 1893 1062 3375 414 1212 3688 2952 3082 878 1089 2139 2928 3242 2722 3229 961 3736 1669 655 1296 3788 
1440 552 1544 1433 1273 0 2712 513 2509 1989 2792 1504 695 1741 929 2464 819 1951 1993 704 1169 433 880 2034 916 2391 1046 1054 1994 783 314 2184 2054 1057 628 1910 2205 1052 964 1336 1132 572 1440 2509 2125 1797 279 2563 1865 810 2616 2820 1463 109 531 1212 1896 1220 1416 1243 2244 566 2519 680 455 2350 437 719 1650 1178 1015 778 1555 1901 267 1249 632 2561 725 446 2170 2678 590 2713 1230 1107 2979 1121 1159 970 1041 2024 1689 1125 1056 2721 2286 1065 1922 2021 1165 922 2572 201 1991 628 751 692 1050 738 1210 476 552 753 695 1313 2154 1526 1209 2294 1250 1221 1114 858 1757 744 2624 2674 1476 643 1399 2146 908 189 2548 2159 1816 400 1345 1233 1918 2024 1672 2394 921 2582 444 1110 55 2853 
1315 2851 2533 1607 3953 2712 0 3062 438 1545 1495 1272 2031 1684 1809 860 3271 966 1390 2269 3088 3063 3111 677 3366 370 1665 3765 867 2666 2426 527 1856 3543 2869 1779 759 3764 3676 1387 2528 2509 4112 1073 1780 948 2499 1387 1071 3436 893 1503 1285 2811 2428 3920 1820 3817 2535 1857 542 3255 964 2275 2265 1182 2342 2778 2142 3423 3723 3477 2549 1882 2932 3538 2348 359 2049 2406 1849 340 3287 1422 1500 3746 1951 3809 2742 3456 3448 1482 1344 3573 3568 1745 1896 3716 1477 1891 3877 3130 1273 2552 1335 3064 1974 3352 3674 2122 3461 3076 3248 3326 2246 1603 575 2640 3909 820 3494 3053 3555 3560 958 3455 891 1267 3874 2070 3585 582 3550 2833 778 2047 946 3108 3505 2080 1496 728 1507 1941 3519 692 2287 3793 2676 1690 
1751 972 2042 1918 1166 513 3062 0 2909 2485 3281 1928 1044 2242 1255 2910 307 2385 2478 829 1566 127 1229 2391 403 2769 1436 797 2415 1261 671 2542 2563 549 1045 2417 2630 847 734 1735 1628 591 1331 2974 2633 2194 586 3049 2308 888 3065 3308 1779 497 645 1024 2405 762 1913 1744 2635 609 2975 815 908 2823 727 1171 2163 1457 854 707 2052 2411 262 1495 1145 2954 1013 957 2679 3070 595 3199 1563 1098 3484 773 1629 461 1260 2516 2158 1299 1194 3222 2796 656 2413 2531 926 1272 3050 709 2472 155 1185 320 611 950 1480 74 326 268 1205 1786 2490 2015 1056 2732 1517 1632 1295 752 2134 540 3073 3151 1625 1059 1667 2521 935 323 2987 2671 2128 458 1633 1745 2410 2414 2159 2905 459 3012 913 752 568 3350 
1226 2573 2141 1262 3707 2509 438 2909 0 1120 1089 1009 1864 1280 1663 426 3147 608 968 2165 2747 2893 2805 585 3245 220 1475 3561 532 2355 2248 465 1424 3420 2582 1357 360 3548 3469 1177 2177 2395 3860 644 1345 716 2328 959 714 3180 487 1101 1194 2600 2303 3695 1398 3671 2154 1519 279 3026 538 2167 2053 744 2182 2477 1739 3103 3500 3249 2156 1459 2749 3219 2071 82 1908 2157 1413 179 3062 1009 1368 3488 1543 3626 2389 3331 3150 1055 979 3277 3284 1322 1458 3551 1060 1461 3666 2820 849 2332 916 2933 1757 3179 3517 2006 3140 2913 3058 3177 1968 1291 597 2250 3676 388 3170 2705 3259 3334 783 3251 487 855 3560 1869 3251 421 3296 2650 359 1612 923 2894 3170 1726 1078 496 1125 1502 3368 286 2068 3613 2468 1282 
1379 1824 1075 579 2974 1989 1545 2485 1120 0 811 838 1572 263 1491 774 2778 663 157 1981 1796 2422 1952 1190 2879 1199 1241 2948 767 1527 1839 1228 321 3035 1804 239 790 2905 2853 1040 1233 2142 3105 671 278 925 1925 593 597 2449 865 838 1356 2047 2033 3019 281 3207 1120 747 1048 2380 743 1970 1584 481 1839 1665 659 2195 2838 2590 1087 340 2257 2310 1388 1202 1679 1550 358 1278 2422 740 1346 2730 1017 3066 1427 2946 2300 67 454 2428 2466 743 457 3042 107 349 3028 1954 636 1788 215 2565 1345 2675 3035 1821 2228 2461 2518 2740 1304 734 1341 1189 2980 732 2252 1736 2408 2674 1048 2660 873 740 2654 1475 2301 1113 2563 2171 886 528 1376 2301 2222 834 96 982 347 554 2910 968 1574 3060 1936 865 
1953 2632 1769 1362 3776 2792 1495 3281 1089 811 0 1472 2321 1072 2201 684 3568 1078 803 2715 2550 3223 2741 1504 3669 1283 1954 3759 1129 2327 2623 1456 884 3829 2609 960 980 3716 3664 1696 2009 2898 3903 471 779 1389 2710 235 1096 3255 604 27 1924 2854 2791 3827 991 4012 1847 1556 1218 3191 562 2707 2374 510 2610 2466 1378 2960 3648 3401 1778 1021 3059 3072 2199 1152 2415 2357 788 1155 3233 94 1991 3530 456 3877 2187 3740 3084 769 1144 3210 3257 297 734 3850 870 933 3838 2739 281 2592 814 3353 2116 3481 3841 2550 2991 3260 3327 3539 2113 1500 1599 1881 3786 835 3011 2482 3191 3484 1517 3471 605 235 3412 2247 3043 1357 3368 2971 730 951 1804 3112 2967 1639 875 1303 1122 695 3713 807 2368 3871 2740 195 
542 1580 1413 444 2701 1504 1272 1928 1009 838 1472 0 896 752 738 987 2186 458 734 1259 1839 1900 1840 636 2287 918 504 2554 490 1397 1258 764 1107 2458 1597 951 703 2539 2461 224 1303 1463 2856 1082 1104 324 1342 1239 393 2177 1144 1498 522 1593 1361 2686 974 2689 1376 639 757 2017 1063 1254 1049 967 1209 1506 1107 2156 2491 2240 1431 1026 1751 2270 1077 1067 969 1149 1181 1182 2052 1380 523 2486 1802 2625 1512 2368 2175 824 383 2300 2297 1520 1290 2557 731 1110 2657 1860 1204 1324 697 1969 754 2183 2529 1093 2194 1925 2056 2196 975 361 796 1502 2668 805 2228 1813 2283 2325 358 2245 1151 1292 2603 872 2326 690 2292 1653 1059 1309 636 1886 2246 878 741 546 531 1391 2384 1084 1061 2613 1461 1597 
744 1022 1545 994 1966 695 2031 1044 1864 1572 2321 896 0 1369 234 1884 1291 1355 1527 415 1532 1033 1363 1355 1391 1727 394 1737 1376 1036 395 1506 1734 1563 1075 1571 1592 1743 1650 693 1211 577 2133 1969 1777 1149 468 2086 1286 1483 2041 2348 768 801 470 1906 1572 1806 1442 916 1591 1259 1958 401 313 1835 317 1069 1466 1699 1710 1473 1561 1599 900 1794 662 1910 129 561 1839 2026 1285 2234 536 1790 2589 1778 1348 1473 1626 1587 1177 1733 1689 2312 1959 1690 1482 1714 1853 1399 2070 575 1509 1074 253 1322 1654 271 1735 1050 1217 1312 617 837 1466 1578 1905 1701 1775 1549 1718 1553 1090 1428 2048 2165 2077 167 1909 1479 1588 802 1954 1891 1121 1095 1840 1041 1484 1370 1225 2070 1503 1975 354 1762 669 2419 
1288 1561 863 383 2710 1741 1684 2242 1280 263 1072 752 1369 0 1317 985 2539 736 345 1783 1547 2175 1692 1232 2639 1321 1072 2687 843 1264 1608 1300 374 2792 1541 209 927 2643 2592 921 978 1928 2842 914 408 929 1693 857 642 2186 1095 1099 1270 1795 1819 2756 224 2956 890 498 1157 2119 974 1770 1350 725 1618 1402 459 1941 2576 2329 878 273 2009 2056 1131 1361 1484 1298 472 1450 2161 1003 1217 2467 1243 2808 1177 2704 2040 317 404 2168 2205 979 591 2787 245 366 2766 1694 897 1540 382 2329 1130 2422 2783 1629 1974 2215 2263 2493 1050 547 1394 975 2716 905 1999 1490 2149 2412 1036 2401 1103 1002 2401 1258 2053 1190 2300 1925 1096 562 1358 2044 1974 571 230 1043 225 702 2661 1171 1337 2803 1687 1114 
511 1234 1626 933 2201 929 1809 1255 1663 1491 2201 738 234 1317 0 1717 1483 1188 1426 521 1710 1254 1569 1135 1581 1515 250 1967 1197 1210 625 1287 1690 1756 1283 1525 1412 1975 1881 518 1331 735 2367 1821 1720 954 693 1965 1131 1715 1874 2227 535 1035 639 2139 1533 2015 1535 917 1386 1493 1799 517 532 1701 533 1261 1487 1905 1943 1707 1643 1567 1128 2005 827 1704 244 762 1788 1819 1519 2110 308 2023 2500 2002 1491 1668 1845 1497 1065 1955 1915 2219 1907 1907 1393 1677 2084 1602 1938 806 1399 1270 346 1543 1867 355 1943 1267 1445 1521 760 770 1239 1673 2139 1530 1982 1719 1940 1787 882 1659 1881 2029 2296 345 2111 1267 1822 1030 1780 1864 889 1329 2040 1087 1398 1167 1145 2016 1714 1793 569 1985 904 2313 
1371 2436 1842 1083 3591 2464 860 2910 426 774 684 987 1884 985 1717 0 3173 529 642 2238 2519 2875 2626 838 3273 602 1491 3495 530 2180 2238 776 1050 3444 2433 1011 330 3470 3401 1199 1945 2449 3735 220 960 795 2323 534 601 3060 157 699 1339 2544 2348 3604 1054 3667 1875 1334 537 2940 121 2234 2014 332 2196 2311 1428 2900 3413 3161 1855 1111 2720 3016 1949 501 1954 2068 1020 542 2979 597 1457 3359 1130 3583 2152 3353 2975 706 796 3104 3126 898 1051 3527 742 1091 3591 2635 426 2273 602 2956 1726 3152 3504 2072 2935 2903 3016 3177 1850 1164 919 1955 3576 190 2962 2467 3085 3246 910 3191 164 448 3361 1851 3027 682 3176 2624 112 1222 1158 2828 2947 1505 759 654 887 1086 3363 196 2020 3573 2417 871 
1957 1266 2349 2206 1237 819 3271 307 3147 2778 3568 2186 1291 2539 1483 3173 0 2645 2764 1004 1845 413 1500 2609 101 2995 1685 807 2667 1564 945 2760 2865 273 1338 2717 2883 889 776 1984 1934 762 1389 3247 2932 2435 858 3334 2572 1082 3329 3595 1987 804 846 1055 2706 564 2219 2041 2870 828 3242 996 1194 3102 976 1469 2470 1698 924 856 2358 2714 568 1721 1451 3187 1238 1262 2980 3302 802 3485 1783 1230 3782 707 1929 185 1485 2807 2436 1504 1390 3517 3097 541 2702 2833 932 1541 3331 1013 2756 216 1458 386 465 1150 1717 359 510 193 1509 2069 2696 2319 1108 2991 1751 1915 1503 873 2365 649 3337 3430 1806 1329 1898 2748 1101 629 3245 2976 2327 716 1872 2050 2700 2651 2447 3207 315 3266 1203 680 874 3643 
876 1973 1569 654 3115 1951 966 2385 608 663 1078 458 1355 736 1188 529 2645 0 509 1709 2140 2354 2197 527 2745 596 961 2993 107 1747 1714 570 983 2916 1979 868 260 2973 2900 669 1573 1919 3266 646 937 313 1799 858 106 2587 687 1101 847 2036 1818 3114 906 3145 1569 910 426 2447 613 1705 1497 570 1668 1870 1187 2494 2921 2669 1585 967 2202 2610 1473 681 1424 1572 1015 788 2484 983 937 2891 1461 3072 1786 2826 2543 615 378 2670 2680 1186 1099 3009 569 1007 3093 2211 798 1765 452 2428 1205 2635 2984 1543 2531 2381 2503 2653 1371 686 678 1674 3091 346 2562 2100 2652 2754 443 2686 694 873 2952 1327 2643 457 2703 2106 601 1191 755 2325 2563 1122 587 319 543 1178 2840 631 1506 3061 1906 1229 
1267 1871 1199 560 3027 1993 1390 2478 968 157 803 734 1527 345 1426 642 2764 509 0 1929 1890 2422 2024 1037 2866 1042 1176 2978 612 1587 1820 1071 479 3026 1857 388 633 2940 2883 949 1320 2103 3162 572 427 784 1907 570 451 2499 750 830 1243 2057 1995 3061 430 3213 1233 769 890 2412 629 1920 1570 386 1809 1724 786 2281 2877 2627 1213 491 2259 2397 1413 1051 1628 1562 505 1130 2453 721 1254 2786 1075 3087 1521 2937 2373 106 362 2502 2534 794 593 3054 100 507 3063 2029 584 1793 57 2550 1314 2683 3043 1766 2315 2458 2531 2737 1322 698 1186 1312 3025 582 2340 1834 2482 2711 910 2684 758 688 2742 1446 2398 956 2614 2170 754 684 1237 2322 2318 896 116 828 320 681 2913 832 1565 3080 1941 891 
956 1195 1918 1407 1918 704 2269 829 2165 1981 2715 1259 415 1783 521 2238 1004 1709 1929 0 1779 867 1543 1612 1097 2002 761 1608 1715 1309 428 1762 2149 1274 1264 1986 1929 1639 1533 1039 1554 243 2088 2342 2191 1465 427 2479 1652 1501 2395 2741 986 807 192 1814 1988 1559 1807 1330 1886 1235 2321 24 580 2219 304 1304 1873 1862 1626 1420 1933 2014 791 1942 980 2200 302 822 2254 2313 1248 2625 797 1785 2997 1602 1660 1188 1741 1994 1573 1829 1759 2719 2374 1481 1889 2130 1734 1584 2456 701 1907 802 664 1144 1427 165 1896 862 1089 1077 966 1247 1694 1939 1831 2050 1936 1812 1817 1489 1382 1317 2402 2548 2180 552 2082 1757 1590 707 2298 2306 1323 1051 2022 1442 1891 1671 1634 2485 1269 2309 620 1581 710 2820 
2104 617 806 1486 1350 1169 3088 1566 2747 1796 2550 1839 1532 1547 1710 2519 1845 2140 1890 1779 0 1442 354 2476 1918 2720 1645 1525 2229 499 1356 2600 1667 1994 541 1598 2388 1438 1446 1805 574 1720 1435 2461 1771 2159 1384 2367 2034 930 2639 2575 2112 1114 1652 1477 1563 1987 708 1232 2549 1059 2519 1755 1233 2271 1475 475 1171 414 1353 1171 803 1528 1319 523 883 2821 1640 977 1772 2926 1099 2501 1902 1101 2553 1710 369 1930 590 1858 1767 699 781 2363 1855 1782 1791 1620 1546 318 2427 1087 1922 1717 1369 1527 1824 1734 443 1498 1359 1695 959 1489 2635 710 1411 2409 460 85 681 1229 2193 1350 2647 2530 862 1375 508 2517 1009 1308 2628 1654 2405 1131 428 1021 1777 2364 1637 1937 1775 2694 1190 1719 1132 2529 
1759 853 1938 1862 1077 433 3063 127 2893 2422 3223 1900 1033 2175 1254 2875 413 2354 2422 867 1442 0 1103 2388 500 2760 1418 740 2390 1151 645 2539 2487 627 926 2343 2604 776 667 1716 1523 641 1246 2930 2559 2177 565 2993 2273 768 3029 3251 1786 397 677 952 2330 793 1808 1677 2621 486 2935 851 862 2775 721 1055 2074 1329 772 602 1947 2333 166 1368 1061 2940 1018 879 2603 3056 475 3143 1563 992 3413 748 1515 543 1133 2456 2111 1175 1072 3154 2718 658 2353 2453 866 1145 2999 634 2418 283 1149 289 629 972 1353 56 230 319 1129 1736 2494 1906 977 2700 1389 1509 1170 655 2123 457 3037 3100 1504 1028 1540 2512 821 252 2955 2587 2138 330 1505 1663 2349 2400 2102 2826 491 2984 860 731 487 3286 
2015 349 1073 1552 1059 880 3111 1229 2805 1952 2741 1840 1363 1692 1569 2626 1500 2197 2024 1543 354 1103 0 2467 1570 2751 1555 1184 2275 450 1115 2602 1874 1641 288 1781 2454 1103 1101 1764 734 1449 1169 2596 1973 2165 1126 2541 2093 591 2758 2767 2028 808 1395 1160 1750 1634 955 1295 2583 705 2641 1519 1050 2410 1242 334 1381 336 1019 823 1074 1726 992 440 783 2875 1454 806 1986 2984 745 2682 1803 807 2792 1363 590 1579 350 2009 1842 478 516 2580 2080 1429 1929 1829 1215 43 2588 843 2047 1383 1249 1174 1470 1526 374 1160 1008 1345 879 1516 2618 995 1100 2495 413 433 459 885 2178 997 2766 2693 763 1223 546 2530 683 995 2730 1894 2349 784 480 1127 1917 2383 1739 2172 1421 2788 1009 1371 853 2741 
658 2191 2012 1039 3279 2034 677 2391 585 1190 1504 636 1355 1232 1135 838 2609 527 1037 1612 2476 2388 2467 0 2706 394 988 3087 429 2028 1749 151 1509 2882 2214 1386 524 3086 2998 716 1937 1849 3439 1035 1464 325 1823 1312 598 2765 970 1523 627 2133 1764 3243 1421 3149 1990 1266 321 2579 957 1616 1588 1031 1667 2133 1661 2788 3046 2800 2029 1482 2255 2901 1692 601 1378 1737 1543 710 2611 1412 828 3076 1928 3133 2147 2794 2796 1143 835 2920 2909 1666 1626 3043 1093 1530 3199 2489 1227 1875 980 2400 1299 2677 3002 1460 2826 2402 2571 2656 1592 993 165 2109 3233 669 2860 2450 2902 2884 290 2777 974 1275 3230 1392 2961 167 2878 2156 841 1717 338 2431 2881 1503 1110 214 1017 1703 2849 809 1611 3118 1999 1678 
2052 1348 2439 2307 1236 916 3366 403 3245 2879 3669 2287 1391 2639 1581 3273 101 2745 2866 1097 1918 500 1570 2706 0 3092 1785 796 2767 1651 1047 2856 2964 177 1419 2816 2983 885 776 2084 2024 857 1382 3348 3032 2534 960 3436 2673 1125 3430 3696 2082 895 943 1044 2805 489 2309 2142 2968 884 3344 1091 1296 3203 1077 1553 2566 1753 929 889 2448 2813 660 1771 1548 3285 1337 1359 3080 3400 854 3586 1880 1250 3882 673 2013 95 1535 2908 2537 1547 1430 3618 3197 497 2804 2933 915 1610 3433 1111 2857 318 1560 421 414 1245 1771 448 567 229 1607 2170 2791 2407 1103 3092 1804 1989 1547 896 2463 676 3437 3532 1839 1430 1949 2845 1135 726 3346 3074 2421 787 1927 2148 2801 2749 2548 3306 282 3366 1304 645 971 3744 
1051 2499 2165 1237 3615 2391 370 2769 220 1199 1283 918 1727 1321 1515 602 2995 596 1042 2002 2720 2760 2751 394 3092 0 1346 3446 496 2303 2117 256 1516 3268 2514 1427 409 3439 3355 1055 2159 2237 3772 822 1448 600 2194 1132 700 3093 690 1297 1019 2487 2149 3591 1468 3530 2165 1488 171 2924 721 2006 1939 889 2043 2418 1777 3059 3395 3146 2181 1530 2622 3175 1995 212 1759 2064 1520 316 2957 1199 1211 3403 1733 3501 2372 3180 3090 1139 973 3216 3215 1498 1578 3417 1123 1548 3555 2769 1028 2222 985 2784 1644 3048 3380 1847 3097 2777 2935 3036 1893 1237 379 2270 3577 502 3129 2684 3198 3230 636 3135 692 1047 3512 1748 3218 248 3208 2523 558 1714 723 2783 3138 1710 1142 373 1139 1635 3228 496 1957 3487 2353 1472 
462 1244 1453 689 2293 1046 1665 1436 1475 1241 1954 504 394 1072 250 1491 1685 961 1176 761 1645 1418 1555 988 1785 1346 0 2101 982 1153 773 1138 1446 1958 1280 1281 1198 2098 2011 299 1203 959 2456 1584 1473 759 853 1719 896 1786 1648 1980 473 1145 856 2254 1291 2198 1374 702 1204 1591 1568 754 600 1458 711 1228 1273 1889 2057 1812 1470 1328 1276 1995 776 1522 465 772 1542 1639 1622 1864 257 2097 2250 2155 1383 1868 1860 1247 816 1978 1952 1969 1660 2076 1143 1435 2212 1583 1695 887 1150 1469 317 1704 2043 595 1927 1438 1589 1704 688 525 1115 1512 2245 1307 1965 1642 1961 1895 711 1790 1656 1787 2306 404 2084 1099 1897 1177 1560 1624 802 1442 2008 898 1148 982 896 1769 1894 1580 624 2141 1010 2063 
2477 1145 2233 2432 448 1054 3765 797 3561 2948 3759 2554 1737 2687 1967 3495 807 2993 2978 1608 1525 740 1184 3087 796 3446 2101 0 3042 1473 1342 3238 2947 735 1186 2825 3250 108 95 2391 1848 1380 586 3521 3034 2851 1275 3538 2903 595 3645 3786 2503 961 1417 248 2802 538 2108 2209 3298 568 3541 1591 1508 3352 1439 1339 2480 1222 189 371 2237 2792 840 1194 1565 3615 1741 1428 3064 3731 526 3688 2274 537 3884 203 1754 733 987 2992 2705 941 820 3646 3170 354 2897 2906 129 1212 3562 1230 2985 890 1804 478 436 1708 1225 750 524 626 1657 2332 3203 2168 310 3332 1246 1609 949 299 2812 310 3653 3666 1149 1698 1368 3201 527 938 3585 3006 2856 668 1373 2128 2889 3078 2662 3271 516 3623 1492 223 1093 3794 
844 2041 1672 743 3177 1994 867 2415 532 767 1129 490 1376 843 1197 530 2667 107 612 1715 2229 2390 2275 429 2767 496 982 3042 0 1825 1746 463 1088 2940 2050 975 215 3026 2949 684 1664 1931 3329 678 1038 268 1829 917 205 2650 685 1150 813 2082 1833 3169 1013 3177 1669 997 325 2501 628 1713 1539 629 1693 1946 1293 2577 2975 2724 1688 1074 2241 2693 1539 599 1437 1629 1116 710 2537 1034 929 2956 1528 3115 1878 2850 2619 717 478 2746 2752 1258 1197 3047 675 1112 3144 2291 847 1812 554 2451 1244 2673 3018 1550 2614 2414 2546 2683 1436 759 574 1776 3149 339 2645 2191 2728 2809 390 2733 691 913 3033 1362 2730 349 2766 2143 583 1295 681 2374 2650 1215 693 216 647 1274 2872 598 1550 3103 1951 1288 
1615 331 792 1102 1448 783 2666 1261 2355 1527 2327 1397 1036 1264 1210 2180 1564 1747 1587 1309 499 1151 450 2028 1651 2303 1153 1473 1825 0 900 2160 1483 1763 288 1373 2004 1413 1381 1335 383 1283 1578 2157 1575 1721 944 2119 1643 930 2314 2354 1624 766 1202 1508 1346 1837 662 846 2135 916 2199 1285 745 1973 1009 139 1007 759 1339 1103 800 1330 998 873 384 2425 1147 490 1598 2534 961 2264 1408 1203 2416 1622 376 1686 797 1580 1392 925 947 2188 1701 1644 1495 1440 1534 465 2160 649 1607 1397 870 1319 1663 1249 797 1205 1145 1450 464 1067 2182 755 1462 2047 832 513 907 1181 1740 1220 2322 2265 1208 876 938 2085 1041 957 2283 1533 1929 903 860 693 1484 1937 1295 1800 1575 2340 701 1624 736 2342 
1136 767 1575 1263 1585 314 2426 671 2248 1839 2623 1258 395 1608 625 2238 945 1714 1820 428 1356 645 1115 1749 1047 2117 773 1342 1746 900 0 1900 1949 1211 836 1795 1961 1350 1255 1071 1184 389 1753 2304 2009 1532 86 2389 1637 1122 2394 2650 1161 423 302 1515 1788 1430 1455 1116 1977 879 2303 403 259 2157 130 882 1600 1436 1319 1087 1588 1802 506 1518 615 2296 411 431 2062 2412 902 2539 931 1422 2850 1384 1264 1121 1324 1865 1491 1418 1357 2581 2181 1303 1760 1922 1458 1155 2386 272 1810 729 514 931 1271 430 1470 667 822 938 633 1123 1861 1579 1517 2061 1511 1393 1405 1165 1480 1033 2401 2485 1768 387 1655 1870 1221 407 2316 2079 1515 708 1594 1166 1759 1756 1504 2292 1126 2342 280 1369 302 2702 
806 2332 2107 1143 3426 2184 527 2542 465 1228 1456 764 1506 1300 1287 776 2760 570 1071 1762 2600 2539 2602 151 2856 256 1138 3238 463 2160 1900 0 1550 3033 2353 1438 493 3236 3149 861 2053 1999 3586 985 1496 441 1975 1279 657 2910 892 1473 775 2283 1915 3392 1476 3300 2092 1380 238 2728 897 1766 1737 1009 1819 2268 1742 2920 3195 2949 2123 1537 2406 3034 1831 468 1529 1882 1573 571 2760 1366 980 3221 1893 3284 2265 2945 2934 1176 915 3058 3050 1640 1647 3194 1138 1575 3350 2623 1185 2024 1014 2551 1446 2828 3154 1610 2958 2554 2722 2808 1730 1112 143 2207 3381 627 2992 2571 3041 3032 432 2927 895 1222 3365 1542 3089 115 3024 2308 760 1756 467 2581 3010 1613 1156 257 1094 1717 3000 715 1759 3269 2149 1638 
1648 1803 886 757 2924 2054 1856 2563 1424 321 884 1107 1734 374 1690 1050 2865 983 479 2149 1667 2487 1874 1509 2964 1516 1446 2947 1088 1483 1949 1550 0 3111 1771 164 1107 2893 2853 1289 1140 2284 3043 905 106 1235 2033 722 913 2413 1115 909 1629 2097 2175 2992 162 3254 962 834 1368 2381 995 2135 1690 726 1970 1622 497 2079 2821 2580 895 155 2320 2190 1427 1507 1851 1607 117 1576 2424 842 1588 2675 937 3082 1308 3024 2212 377 732 2336 2390 706 232 3077 416 49 3015 1869 805 1854 536 2659 1490 2720 3080 1997 2109 2530 2555 2806 1358 921 1662 998 2945 1037 2128 1598 2317 2661 1353 2674 1121 898 2529 1615 2158 1435 2523 2242 1159 209 1681 2326 2082 828 399 1303 577 342 2966 1246 1673 3080 1999 866 
2229 1449 2555 2467 1183 1057 3543 549 3420 3035 3829 2458 1563 2792 1756 3444 273 2916 3026 1274 1994 627 1641 2882 177 3268 1958 735 2940 1763 1211 3033 3111 0 1516 2965 3156 835 736 2256 2142 1034 1317 3515 3181 2708 1124 3596 2843 1151 3600 3856 2259 1024 1119 978 2953 331 2425 2294 3143 940 3512 1268 1455 3368 1248 1657 2702 1796 893 901 2563 2958 793 1803 1687 3460 1512 1503 3227 3575 904 3747 2057 1233 4034 578 2116 90 1570 3066 2702 1567 1447 3772 3343 396 2962 3078 842 1680 3596 1256 3019 488 1725 467 307 1422 1811 580 636 313 1752 2332 2968 2517 1045 3263 1841 2069 1569 892 2638 687 3607 3696 1837 1597 1982 3021 1143 868 3517 3214 2598 873 1966 2289 2959 2924 2708 3451 238 3538 1461 549 1111 3900 
1738 76 1061 1349 1170 628 2869 1045 2582 1804 2609 1597 1075 1541 1283 2433 1338 1979 1857 1264 541 926 288 2214 1419 2514 1280 1186 2050 288 836 2353 1771 1516 0 1658 2238 1125 1094 1503 663 1184 1305 2423 1862 1921 853 2398 1877 646 2572 2636 1753 575 1123 1222 1632 1565 933 1100 2349 634 2459 1239 762 2242 961 153 1295 623 1051 815 1067 1617 789 722 522 2649 1166 521 1886 2761 679 2544 1524 929 2704 1339 601 1444 583 1855 1639 705 701 2475 1989 1369 1768 1728 1246 325 2435 563 1874 1192 970 1060 1393 1240 660 982 885 1206 623 1292 2361 1010 1177 2291 699 596 687 893 1924 939 2580 2540 1026 937 834 2287 758 771 2533 1821 2079 644 767 970 1758 2143 1556 2089 1316 2586 721 1341 593 2628 
1491 1685 849 592 2820 1910 1779 2417 1357 239 960 951 1571 209 1525 1011 2717 868 388 1986 1598 2343 1781 1386 2816 1427 1281 2825 975 1373 1795 1438 164 2965 1658 0 1021 2775 2730 1128 1049 2125 2944 896 215 1099 1879 768 788 2303 1097 986 1472 1957 2016 2879 42 3116 906 678 1271 2257 975 1972 1535 708 1812 1512 436 2004 2704 2461 861 102 2177 2118 1288 1439 1688 1464 268 1517 2300 904 1426 2573 1070 2954 1232 2878 2124 306 584 2250 2297 821 388 2943 304 159 2897 1779 833 1709 443 2509 1329 2583 2943 1833 2036 2386 2420 2663 1214 756 1544 963 2835 970 2057 1533 2231 2542 1213 2546 1104 933 2460 1454 2098 1325 2414 2097 1123 357 1540 2194 2020 697 285 1186 419 500 2825 1206 1520 2951 1855 970 
1043 2233 1783 905 3376 2205 759 2630 360 790 980 703 1592 927 1412 330 2883 260 633 1929 2388 2604 2454 524 2983 409 1198 3250 215 2004 1961 493 1107 3156 2238 1021 0 3232 3157 900 1817 2147 3526 511 1039 470 2044 790 361 2847 480 999 1011 2291 2049 3373 1061 3391 1794 1162 271 2705 441 1927 1750 516 1908 2128 1386 2747 3180 2928 1799 1123 2454 2864 1733 439 1653 1832 1112 538 2742 887 1140 3152 1405 3326 2029 3066 2800 730 620 2928 2939 1148 1175 3260 718 1139 3351 2467 702 2020 578 2667 1456 2886 3232 1765 2784 2628 2757 2898 1631 946 630 1892 3351 147 2814 2344 2909 3013 580 2942 486 752 3206 1575 2892 384 2963 2356 370 1305 832 2582 2812 1366 737 327 764 1237 3087 382 1761 3314 2161 1154 
2487 1090 2162 2399 351 1052 3764 847 3548 2905 3716 2539 1743 2643 1975 3470 889 2973 2940 1639 1438 776 1103 3086 885 3439 2098 108 3026 1413 1350 3236 2893 835 1125 2775 3232 0 115 2383 1783 1418 500 3489 2982 2842 1287 3497 2881 511 3618 3743 2511 953 1448 176 2751 647 2038 2171 3289 530 3512 1622 1500 3317 1454 1277 2421 1123 86 314 2165 2739 858 1091 1529 3604 1755 1402 3010 3720 491 3646 2280 429 3829 310 1680 828 889 2951 2677 838 717 3595 3114 461 2857 2852 122 1128 3524 1217 2949 952 1795 537 542 1731 1125 793 550 701 1624 2306 3206 2093 219 3309 1145 1523 847 232 2808 322 3626 3629 1040 1693 1264 3195 432 952 3561 2946 2865 655 1271 2079 2849 3069 2626 3214 610 3602 1482 332 1087 3745 
2392 1052 2145 2337 460 964 3676 734 3469 2853 3664 2461 1650 2592 1881 3401 776 2900 2883 1533 1446 667 1101 2998 776 3355 2011 95 2949 1381 1255 3149 2853 736 1094 2730 3157 115 0 2300 1757 1308 614 3427 2940 2760 1190 3443 2809 517 3550 3691 2417 869 1341 290 2708 580 2019 2114 3207 473 3447 1516 1417 3257 1355 1247 2387 1156 156 281 2149 2698 757 1135 1470 3524 1657 1333 2970 3640 431 3593 2187 503 3790 265 1667 723 920 2897 2611 884 762 3552 3076 381 2802 2813 203 1130 3467 1137 2890 837 1712 422 454 1629 1161 681 444 587 1562 2238 3115 2080 333 3238 1185 1529 891 217 2722 222 3558 3571 1114 1607 1311 3110 460 853 3491 2913 2771 575 1311 2033 2794 2987 2567 3178 506 3530 1400 278 1002 3699 
379 1477 1477 564 2565 1336 1387 1735 1177 1040 1696 224 693 921 518 1199 1984 669 949 1039 1805 1716 1764 716 2084 1055 299 2391 684 1335 1071 861 1289 2256 1503 1128 900 2383 2300 0 1304 1250 2725 1304 1297 461 1151 1463 614 2049 1356 1722 368 1431 1150 2536 1146 2497 1422 687 908 1869 1281 1035 883 1191 1010 1430 1219 2090 2339 2092 1495 1193 1572 2201 982 1226 754 1021 1372 1343 1902 1604 306 2360 2021 2450 1504 2166 2086 1033 589 2208 2194 1739 1485 2374 935 1287 2499 1788 1428 1167 914 1768 588 2002 2342 874 2129 1737 1882 2003 884 427 857 1555 2523 1013 2164 1789 2191 2175 428 2080 1363 1516 2525 694 2273 812 2162 1473 1264 1484 600 1727 2195 920 944 687 713 1589 2193 1282 902 2437 1297 1819 
1641 713 414 921 1787 1132 2528 1628 2177 1233 2009 1303 1211 978 1331 1945 1934 1573 1320 1554 574 1523 734 1937 2024 2159 1203 1848 1664 383 1184 2053 1140 2142 663 1049 1817 1783 1757 1304 0 1574 1903 1892 1238 1614 1244 1814 1466 1286 2067 2035 1643 1131 1481 1867 1018 2220 284 673 1987 1297 1947 1531 974 1703 1271 510 648 962 1706 1477 424 992 1366 1077 575 2252 1336 753 1252 2355 1342 1953 1457 1536 2061 2002 213 2063 1075 1293 1197 1200 1250 1846 1347 2027 1222 1094 1903 730 1868 969 1349 1758 989 1702 2046 1461 996 1576 1528 1828 594 943 2099 396 1815 1835 1020 527 1181 1553 1661 1602 2075 1972 1422 1044 1082 1964 1392 1315 2053 1167 1902 1286 1002 450 1208 1810 1063 1442 1957 2120 935 2005 1080 2006 
1195 1111 1962 1563 1710 572 2509 591 2395 2142 2898 1463 577 1928 735 2449 762 1919 2103 243 1720 641 1449 1849 857 2237 959 1380 1931 1283 389 1999 2284 1034 1184 2125 2147 1418 1308 1250 1574 0 1879 2542 2335 1689 339 2663 1856 1326 2606 2925 1225 661 109 1594 2122 1315 1843 1452 2116 1049 2527 234 623 2411 320 1252 1967 1750 1410 1218 1976 2143 589 1820 1003 2432 495 820 2394 2546 1056 2811 1027 1595 3160 1364 1651 947 1606 2160 1754 1682 1601 2885 2514 1239 2055 2261 1507 1491 2646 636 2085 559 798 910 1184 389 1782 630 869 835 1014 1409 1934 1968 1616 2263 1822 1763 1672 1282 1611 1097 2613 2741 2031 670 1971 1990 1406 520 2514 2428 1565 863 1917 1531 2056 1899 1798 2625 1026 2528 654 1343 595 2994 
2875 1299 2229 2651 170 1440 4112 1331 3860 3105 3903 2856 2133 2842 2367 3735 1389 3266 3162 2088 1435 1246 1169 3439 1382 3772 2456 586 3329 1578 1753 3586 3043 1317 1305 2944 3526 500 614 2725 1903 1879 0 3728 3140 3171 1703 3697 3167 679 3876 3929 2896 1332 1896 339 2915 1075 2117 2405 3613 874 3764 2068 1858 3547 1869 1440 2550 1040 478 669 2228 2893 1297 961 1793 3922 2164 1707 3155 4037 851 3841 2662 376 3961 746 1753 1320 847 3158 2939 738 659 3749 3249 924 3072 2998 474 1177 3738 1570 3179 1447 2141 1032 1012 2161 1024 1271 1015 1202 1894 2582 3571 2141 281 3588 1027 1519 755 598 3153 792 3884 3843 757 2056 1096 3534 564 1382 3833 3062 3247 1047 1134 2271 3061 3399 2862 3341 1103 3883 1831 774 1463 3908 
1519 2432 1744 1090 3590 2509 1073 2974 644 671 471 1082 1969 914 1821 220 3247 646 572 2342 2461 2930 2596 1035 3348 822 1584 3521 678 2157 2304 985 905 3515 2423 896 511 3489 3427 1304 1892 2542 3728 0 806 944 2390 314 689 3060 213 489 1489 2583 2438 3616 938 3724 1791 1325 747 2959 109 2336 2068 190 2273 2292 1329 2854 3429 3177 1756 990 2771 2969 1960 716 2049 2095 857 745 2999 381 1582 3352 912 3620 2091 3425 2946 606 820 3074 3104 678 871 3575 670 950 3611 2601 205 2313 549 3030 1789 3201 3557 2176 2888 2961 3057 3239 1865 1196 1127 1859 3584 365 2913 2403 3055 3262 1068 3222 219 240 3315 1918 2967 885 3176 2678 296 1058 1341 2859 2888 1468 683 837 867 893 3420 385 2070 3612 2460 653 
1646 1892 992 787 3019 2125 1780 2633 1345 278 779 1104 1777 408 1720 960 2932 937 427 2191 1771 2559 1973 1464 3032 1448 1473 3034 1038 1575 2009 1496 106 3181 1862 215 1039 2982 2940 1297 1238 2335 3140 806 0 1204 2093 615 875 2506 1018 804 1625 2172 2226 3084 232 3331 1067 893 1305 2467 900 2178 1750 632 2024 1714 599 2182 2911 2669 1001 246 2392 2293 1503 1428 1891 1679 79 1492 2510 736 1600 2771 855 3166 1410 3094 2312 321 722 2437 2488 613 188 3157 384 155 3104 1968 700 1925 484 2724 1538 2797 3157 2036 2212 2602 2634 2878 1430 950 1613 1105 3038 960 2231 1702 2418 2750 1327 2758 1024 792 2633 1664 2263 1381 2616 2312 1068 267 1655 2407 2187 909 369 1255 585 296 3041 1156 1734 3163 2071 768 
576 1903 1688 714 3014 1797 948 2194 716 925 1389 324 1149 929 954 795 2435 313 784 1465 2159 2177 2165 325 2534 600 759 2851 268 1721 1532 441 1235 2708 1921 1099 470 2842 2760 461 1614 1689 3171 944 1204 0 1612 1171 334 2493 949 1411 545 1890 1593 2992 1131 2956 1664 942 447 2324 896 1465 1342 882 1467 1831 1345 2480 2796 2547 1705 1190 2034 2594 1400 765 1197 1464 1283 881 2358 1294 671 2803 1774 2912 1825 2619 2500 889 526 2625 2620 1499 1377 2835 821 1250 2958 2185 1108 1624 731 2220 1047 2463 2801 1303 2518 2197 2344 2462 1298 671 490 1784 2977 605 2552 2130 2607 2631 131 2541 955 1178 2928 1155 2648 366 2608 1935 841 1444 453 2186 2568 1177 837 227 708 1465 2652 844 1359 2898 1757 1542 
1203 782 1640 1350 1534 279 2499 586 2328 1925 2710 1342 468 1693 693 2323 858 1799 1907 427 1384 565 1126 1823 960 2194 853 1275 1829 944 86 1975 2033 1124 853 1879 2044 1287 1190 1151 1244 339 1703 2390 2093 1612 0 2476 1722 1087 2479 2737 1228 386 269 1455 1872 1347 1518 1200 2056 833 2389 403 343 2243 166 914 1678 1439 1261 1035 1653 1886 434 1516 681 2375 467 492 2146 2491 852 2626 1001 1381 2936 1309 1313 1034 1314 1952 1578 1402 1335 2667 2265 1223 1847 2005 1393 1167 2473 298 1897 643 601 854 1190 461 1472 585 751 854 708 1210 1932 1640 1461 2145 1512 1426 1391 1111 1558 968 2487 2572 1753 473 1659 1946 1182 337 2400 2161 1582 656 1601 1244 1845 1835 1591 2376 1042 2426 361 1294 283 2789 
1728 2417 1604 1130 3567 2563 1387 3049 959 593 235 1239 2086 857 1965 534 3334 858 570 2479 2367 2993 2541 1312 3436 1132 1719 3538 917 2119 2389 1279 722 3596 2398 768 790 3497 3443 1463 1814 2663 3697 314 615 1171 2476 0 867 3043 505 262 1700 2626 2555 3612 804 3783 1671 1331 1045 2971 422 2471 2141 288 2375 2258 1200 2772 3431 3183 1614 843 2829 2886 1975 1031 2179 2130 643 1056 3012 150 1759 3323 615 3652 2000 3507 2887 545 908 3014 3056 365 622 3622 643 771 3620 2541 116 2362 579 3119 1881 3253 3612 2314 2804 3029 3099 3308 1887 1265 1419 1718 3573 651 2826 2302 2994 3266 1300 3248 509 181 3228 2012 2865 1174 3157 2740 608 830 1598 2887 2788 1427 649 1104 890 618 3483 696 2136 3646 2511 371 
861 1872 1466 547 3018 1865 1071 2308 714 597 1096 393 1286 642 1131 601 2572 106 451 1652 2034 2273 2093 598 2673 700 896 2903 205 1643 1637 657 913 2843 1877 788 361 2881 2809 614 1466 1856 3167 689 875 334 1722 867 0 2488 757 1120 834 1947 1753 3020 823 3065 1464 804 530 2353 671 1647 1413 585 1596 1766 1088 2388 2827 2575 1482 884 2119 2505 1374 787 1362 1479 954 894 2391 1002 898 2792 1457 2985 1679 2753 2439 556 273 2567 2577 1178 1045 2927 496 932 3001 2107 821 1676 397 2355 1124 2552 2903 1486 2425 2301 2417 2575 1273 585 756 1571 2996 429 2456 1993 2548 2660 463 2597 764 905 2846 1249 2537 547 2605 2024 683 1122 788 2235 2456 1015 513 401 442 1131 2761 721 1420 2975 1819 1234 
2216 628 1655 1977 530 810 3436 888 3180 2449 3255 2177 1483 2186 1715 3060 1082 2587 2499 1501 930 768 591 2765 1125 3093 1786 595 2650 930 1122 2910 2413 1151 646 2303 2847 511 517 2049 1286 1326 679 3060 2506 2493 1087 3043 2488 0 3203 3282 2236 701 1316 580 2277 1078 1533 1735 2934 284 3092 1479 1193 2882 1247 791 1931 652 428 256 1658 2260 744 651 1114 3243 1529 1029 2528 3357 293 3189 2001 311 3344 782 1172 1108 420 2500 2263 421 308 3119 2629 872 2410 2370 624 617 3078 909 2513 1038 1469 704 927 1548 662 815 578 897 1215 1903 2899 1583 532 2911 691 1014 421 300 2478 465 3211 3183 737 1392 830 2856 116 805 3157 2454 2583 465 817 1616 2401 2720 2193 2726 915 3206 1164 794 821 3273 
1523 2577 1940 1225 3733 2616 893 3065 487 865 604 1144 2041 1095 1874 157 3329 687 750 2395 2639 3029 2758 970 3430 690 1648 3645 685 2314 2394 892 1115 3600 2572 1097 480 3618 3550 1356 2067 2606 3876 213 1018 949 2479 505 757 3203 0 615 1491 2696 2505 3750 1139 3822 1982 1471 656 3088 122 2391 2168 390 2352 2447 1525 3026 3560 3308 1953 1193 2874 3142 2093 547 2111 2216 1070 555 3127 529 1614 3499 1060 3734 2270 3510 3108 798 941 3236 3261 854 1084 3681 850 1159 3739 2765 389 2425 717 3112 1881 3306 3658 2229 3061 3058 3168 3332 1995 1312 1035 2055 3721 346 3087 2584 3217 3393 1061 3341 8 374 3487 2006 3147 807 3319 2778 133 1271 1297 2978 3067 1633 865 797 1019 1104 3517 202 2173 3725 2569 798 
1977 2658 1793 1389 3803 2820 1503 3308 1101 838 27 1498 2348 1099 2227 699 3595 1101 830 2741 2575 3251 2767 1523 3696 1297 1980 3786 1150 2354 2650 1473 909 3856 2636 986 999 3743 3691 1722 2035 2925 3929 489 804 1411 2737 262 1120 3282 615 0 1947 2881 2818 3854 1017 4039 1871 1583 1235 3218 578 2733 2401 534 2637 2493 1403 2985 3675 3428 1802 1047 3087 3097 2226 1162 2442 2384 811 1163 3260 118 2016 3556 448 3904 2213 3767 3110 797 1170 3235 3283 307 756 3877 897 957 3865 2765 303 2619 841 3380 2143 3508 3869 2576 3016 3287 3354 3567 2140 1527 1616 1905 3813 853 3036 2506 3216 3511 1539 3498 615 250 3437 2274 3067 1374 3394 2999 742 972 1825 3139 2991 1666 902 1323 1149 714 3741 818 2395 3898 2767 190 
32 1714 1841 929 2731 1463 1285 1779 1194 1356 1924 522 768 1270 535 1339 1987 847 1243 986 2112 1786 2028 627 2082 1019 473 2503 813 1624 1161 775 1629 2259 1753 1472 1011 2511 2417 368 1643 1225 2896 1489 1625 545 1228 1700 834 2236 1491 1947 0 1568 1143 2674 1494 2532 1780 1052 915 2024 1441 991 1043 1414 1066 1702 1588 2363 2478 2240 1858 1544 1663 2469 1249 1222 767 1239 1702 1333 2051 1830 234 2546 2290 2534 1834 2172 2331 1338 903 2447 2417 2009 1811 2434 1249 1631 2620 2057 1645 1328 1199 1779 784 2074 2390 837 2401 1796 1980 2041 1160 796 711 1914 2672 1149 2438 2105 2431 2321 431 2195 1497 1720 2778 844 2557 777 2345 1565 1378 1830 353 1863 2481 1281 1260 712 1052 1910 2234 1372 1074 2517 1435 2068 
1545 499 1545 1500 1165 109 2811 497 2600 2047 2854 1593 801 1795 1035 2544 804 2036 2057 807 1114 397 808 2133 895 2487 1145 961 2082 766 423 2283 2097 1024 575 1957 2291 953 869 1431 1131 661 1332 2583 2172 1890 386 2626 1947 701 2696 2881 1568 0 630 1110 1941 1160 1415 1299 2338 458 2596 784 548 2420 546 685 1678 1093 913 672 1555 1943 235 1159 669 2654 834 497 2213 2770 483 2777 1334 998 3027 1038 1137 941 945 2084 1763 1025 952 2773 2328 996 1984 2062 1068 851 2639 271 2058 631 843 627 988 846 1124 447 474 713 744 1387 2255 1518 1104 2377 1163 1171 1014 753 1855 651 2703 2742 1375 740 1314 2242 799 196 2630 2193 1920 297 1263 1270 1979 2118 1738 2435 868 2667 531 1029 134 2909 
1114 1051 1865 1454 1726 531 2428 645 2303 2033 2791 1361 470 1819 639 2348 846 1818 1995 192 1652 677 1395 1764 943 2149 856 1417 1833 1202 302 1915 2175 1119 1123 2016 2049 1448 1341 1150 1481 109 1896 2438 2226 1593 269 2555 1753 1316 2505 2818 1143 630 0 1622 2013 1389 1747 1343 2025 1046 2424 174 521 2305 215 1180 1861 1705 1434 1229 1879 2034 599 1780 907 2342 396 730 2285 2456 1058 2704 937 1596 3051 1416 1566 1031 1572 2052 1647 1655 1581 2776 2405 1301 1946 2152 1543 1436 2540 564 1978 636 689 957 1251 307 1738 674 897 901 913 1300 1854 1874 1638 2163 1778 1692 1644 1297 1520 1125 2512 2635 2005 561 1926 1902 1403 517 2414 2320 1488 862 1869 1426 1947 1806 1689 2516 1094 2431 554 1397 546 2886 
2651 1195 2231 2528 218 1212 3920 1024 3695 3019 3827 2686 1906 2756 2139 3604 1055 3114 3061 1814 1477 952 1160 3243 1044 3591 2254 248 3169 1508 1515 3392 2992 978 1222 2879 3373 176 290 2536 1867 1594 339 3616 3084 2992 1455 3612 3020 580 3750 3854 2674 1110 1622 0 2854 749 2110 2293 3438 668 3643 1796 1654 3441 1622 1370 2512 1129 196 445 2233 2839 1029 1079 1657 3753 1922 1541 3107 3868 633 3760 2442 394 3924 412 1748 981 901 3067 2809 828 715 3697 3209 587 2976 2949 138 1180 3644 1368 3072 1128 1947 712 674 1903 1124 970 725 871 1754 2440 3365 2155 83 3447 1139 1563 840 361 2962 497 3758 3748 972 1850 1242 3348 477 1122 3697 3034 3028 812 1260 2188 2967 3220 2750 3306 764 3741 1634 439 1244 3850 
