0 1699 1845 942 2709 1440 1315 1751 1226 1379 1953 542 744 1288 511 1371 1957 876 1267 956 2104 1759 2015 658 2052 1051 462 2477 844 1615 1136 806 1648 2229 1738 1491 1043 2487 2392 379 1641 1195 2875 1519 1646 576 1203 1728 861 2216 1523 1977 32 1545 1114 2651 1512 2503 1782 1058 948 2002 1472 961 1023 1443 1040 1690 1598 2350 2454 2217 1863 1561 1637 2456 1238 1254 740 1224 1723 1365 2029 1859 215 2526 2317 2507 1830 2142 2315 1361 924 2431 2400 2036 1832 2406 1271 1650 
1699 0 1118 1352 1157 552 2851 972 2573 1824 2632 1580 1022 1561 1234 2436 1266 1973 1871 1195 617 853 349 2191 1348 2499 1244 1145 2041 331 767 2332 1803 1449 76 1685 2233 1090 1052 1477 713 1111 1299 2432 1892 1903 782 2417 1872 628 2577 2658 1714 499 1051 1195 1661 1508 988 1107 2336 585 2466 1171 708 2254 893 208 1335 679 1019 777 1124 1649 715 772 503 2638 1107 476 1919 2751 630 2564 1484 922 2739 1292 667 1376 616 1873 1640 733 717 2505 2024 1314 1783 1762 
1845 1118 0 975 2130 1544 2533 2042 2141 1075 1769 1413 1545 863 1626 1842 2349 1569 1199 1918 806 1938 1073 2012 2439 2165 1453 2233 1672 792 1575 2107 886 2555 1061 849 1783 2162 2145 1477 414 1962 2229 1744 992 1688 1640 1604 1466 1655 1940 1793 1841 1545 1865 2231 809 2626 130 790 1996 1695 1818 1897 1347 1555 1651 910 415 1220 2081 1863 17 763 1780 1326 960 2221 1674 1148 982 2312 1739 1729 1690 1878 1747 2396 483 2477 1383 1141 1195 1499 1570 1565 1055 2430 1100 837 
942 1352 975 0 2508 1433 1607 1918 1262 579 1362 444 994 383 933 1083 2206 654 560 1407 1486 1862 1552 1039 2307 1237 689 2432 743 1102 1263 1143 757 2467 1349 592 905 2399 2337 564 921 1563 2651 1090 787 714 1350 1130 547 1977 1225 1389 929 1500 1454 2528 602 2653 950 257 1065 1869 1115 1394 1011 921 1260 1230 665 1842 2339 2087 993 642 1699 1958 871 1335 1105 1008 854 1441 1909 1281 846 2275 1597 2534 1135 2377 1900 602 290 2028 2045 1323 974 2496 497 746 
2709 1157 2130 2508 0 1273 3953 1166 3707 2974 3776 2701 1966 2710 2201 3591 1237 3115 3027 1918 1350 1077 1059 3279 1236 3615 2293 448 3177 1448 1585 3426 2924 1183 1170 2820 3376 351 460 2565 1787 1710 170 3590 3019 3014 1534 3567 3018 530 3733 3803 2731 1165 1726 218 2793 967 2014 2265 3457 707 3623 1898 1694 3410 1700 1309 2435 974 315 499 2130 2773 1127 910 1644 3768 1996 1551 3038 3882 683 3712 2497 251 3848 629 1649 1179 761 3025 2794 667 569 3631 3135 799 2938 2880 
1440 552 1544 1433 1273 0 2712 513 2509 1989 2792 1504 695 1741 929 2464 819 1951 1993 704 1169 433 880 2034 916 2391 1046 1054 1994 783 314 2184 2054 1057 628 1910 2205 1052 964 1336 1132 572 1440 2509 2125 1797 279 2563 1865 810 2616 2820 1463 109 531 1212 1896 1220 1416 1243 2244 566 2519 680 455 2350 437 719 1650 1178 1015 778 1555 1901 267 1249 632 2561 725 446 2170 2678 590 2713 1230 1107 2979 1121 1159 970 1041 2024 1689 1125 1056 2721 2286 1065 1922 2021 
1315 2851 2533 1607 3953 2712 0 3062 438 1545 1495 1272 2031 1684 1809 860 3271 966 1390 2269 3088 3063 3111 677 3366 370 1665 3765 867 2666 2426 527 1856 3543 2869 1779 759 3764 3676 1387 2528 2509 4112 1073 1780 948 2499 1387 1071 3436 893 1503 1285 2811 2428 3920 1820 3817 2535 1857 542 3255 964 2275 2265 1182 2342 2778 2142 3423 3723 3477 2549 1882 2932 3538 2348 359 2049 2406 1849 340 3287 1422 1500 3746 1951 3809 2742 3456 3448 1482 1344 3573 3568 1745 1896 3716 1477 1891 
1751 972 2042 1918 1166 513 3062 0 2909 2485 3281 1928 1044 2242 1255 2910 307 2385 2478 829 1566 127 1229 2391 403 2769 1436 797 2415 1261 671 2542 2563 549 1045 2417 2630 847 734 1735 1628 591 1331 2974 2633 2194 586 3049 2308 888 3065 3308 1779 497 645 1024 2405 762 1913 1744 2635 609 2975 815 908 2823 727 1171 2163 1457 854 707 2052 2411 262 1495 1145 2954 1013 957 2679 3070 595 3199 1563 1098 3484 773 1629 461 1260 2516 2158 1299 1194 3222 2796 656 2413 2531 
1226 2573 2141 1262 3707 2509 438 2909 0 1120 1089 1009 1864 1280 1663 426 3147 608 968 2165 2747 2893 2805 585 3245 220 1475 3561 532 2355 2248 465 1424 3420 2582 1357 360 3548 3469 1177 2177 2395 3860 644 1345 716 2328 959 714 3180 487 1101 1194 2600 2303 3695 1398 3671 2154 1519 279 3026 538 2167 2053 744 2182 2477 1739 3103 3500 3249 2156 1459 2749 3219 2071 82 1908 2157 1413 179 3062 1009 1368 3488 1543 3626 2389 3331 3150 1055 979 3277 3284 1322 1458 3551 1060 1461 
1379 1824 1075 579 2974 1989 1545 2485 1120 0 811 838 1572 263 1491 774 2778 663 157 1981 1796 2422 1952 1190 2879 1199 1241 2948 767 1527 1839 1228 321 3035 1804 239 790 2905 2853 1040 1233 2142 3105 671 278 925 1925 593 597 2449 865 838 1356 2047 2033 3019 281 3207 1120 747 1048 2380 743 1970 1584 481 1839 1665 659 2195 2838 2590 1087 340 2257 2310 1388 1202 1679 1550 358 1278 2422 740 1346 2730 1017 3066 1427 2946 2300 67 454 2428 2466 743 457 3042 107 349 
1953 2632 1769 1362 3776 2792 1495 3281 1089 811 0 1472 2321 1072 2201 684 3568 1078 803 2715 2550 3223 2741 1504 3669 1283 1954 3759 1129 2327 2623 1456 884 3829 2609 960 980 3716 3664 1696 2009 2898 3903 471 779 1389 2710 235 1096 3255 604 27 1924 2854 2791 3827 991 4012 1847 1556 1218 3191 562 2707 2374 510 2610 2466 1378 2960 3648 3401 1778 1021 3059 3072 2199 1152 2415 2357 788 1155 3233 94 1991 3530 456 3877 2187 3740 3084 769 1144 3210 3257 297 734 3850 870 933 
542 1580 1413 444 2701 1504 1272 1928 1009 838 1472 0 896 752 738 987 2186 458 734 1259 1839 1900 1840 636 2287 918 504 2554 490 1397 1258 764 1107 2458 1597 951 703 2539 2461 224 1303 1463 2856 1082 1104 324 1342 1239 393 2177 1144 1498 522 1593 1361 2686 974 2689 1376 639 757 2017 1063 1254 1049 967 1209 1506 1107 2156 2491 2240 1431 1026 1751 2270 1077 1067 969 1149 1181 1182 2052 1380 523 2486 1802 2625 1512 2368 2175 824 383 2300 2297 1520 1290 2557 731 1110 
744 1022 1545 994 1966 695 2031 1044 1864 1572 2321 896 0 1369 234 1884 1291 1355 1527 415 1532 1033 1363 1355 1391 1727 394 1737 1376 1036 395 1506 1734 1563 1075 1571 1592 1743 1650 693 1211 577 2133 1969 1777 1149 468 2086 1286 1483 2041 2348 768 801 470 1906 1572 1806 1442 916 1591 1259 1958 401 313 1835 317 1069 1466 1699 1710 1473 1561 1599 900 1794 662 1910 129 561 1839 2026 1285 2234 536 1790 2589 1778 1348 1473 1626 1587 1177 1733 1689 2312 1959 1690 1482 1714 
1288 1561 863 383 2710 1741 1684 2242 1280 263 1072 752 1369 0 1317 985 2539 736 345 1783 1547 2175 1692 1232 2639 1321 1072 2687 843 1264 1608 1300 374 2792 1541 209 927 2643 2592 921 978 1928 2842 914 408 929 1693 857 642 2186 1095 1099 1270 1795 1819 2756 224 2956 890 498 1157 2119 974 1770 1350 725 1618 1402 459 1941 2576 2329 878 273 2009 2056 1131 1361 1484 1298 472 1450 2161 1003 1217 2467 1243 2808 1177 2704 2040 317 404 2168 2205 979 591 2787 245 366 
511 1234 1626 933 2201 929 1809 1255 1663 1491 2201 738 234 1317 0 1717 1483 1188 1426 521 1710 1254 1569 1135 1581 1515 250 1967 1197 1210 625 1287 1690 1756 1283 1525 1412 1975 1881 518 1331 735 2367 1821 1720 954 693 1965 1131 1715 1874 2227 535 1035 639 2139 1533 2015 1535 917 1386 1493 1799 517 532 1701 533 1261 1487 1905 1943 1707 1643 1567 1128 2005 827 1704 244 762 1788 1819 1519 2110 308 2023 2500 2002 1491 1668 1845 1497 1065 1955 1915 2219 1907 1907 1393 1677 
1371 2436 1842 1083 3591 2464 860 2910 426 774 684 987 1884 985 1717 0 3173 529 642 2238 2519 2875 2626 838 3273 602 1491 3495 530 2180 2238 776 1050 3444 2433 1011 330 3470 3401 1199 1945 2449 3735 220 960 795 2323 534 601 3060 157 699 1339 2544 2348 3604 1054 3667 1875 1334 537 2940 121 2234 2014 332 2196 2311 1428 2900 3413 3161 1855 1111 2720 3016 1949 501 1954 2068 1020 542 2979 597 1457 3359 1130 3583 2152 3353 2975 706 796 3104 3126 898 1051 3527 742 1091 
1957 1266 2349 2206 1237 819 3271 307 3147 2778 3568 2186 1291 2539 1483 3173 0 2645 2764 1004 1845 413 1500 2609 101 2995 1685 807 2667 1564 945 2760 2865 273 1338 2717 2883 889 776 1984 1934 762 1389 3247 2932 2435 858 3334 2572 1082 3329 3595 1987 804 846 1055 2706 564 2219 2041 2870 828 3242 996 1194 3102 976 1469 2470 1698 924 856 2358 2714 568 1721 1451 3187 1238 1262 2980 3302 802 3485 1783 1230 3782 707 1929 185 1485 2807 2436 1504 1390 3517 3097 541 2702 2833 
876 1973 1569 654 3115 1951 966 2385 608 663 1078 458 1355 736 1188 529 2645 0 509 1709 2140 2354 2197 527 2745 596 961 2993 107 1747 1714 570 983 2916 1979 868 260 2973 2900 669 1573 1919 3266 646 937 313 1799 858 106 2587 687 1101 847 2036 1818 3114 906 3145 1569 910 426 2447 613 1705 1497 570 1668 1870 1187 2494 2921 2669 1585 967 2202 2610 1473 681 1424 1572 1015 788 2484 983 937 2891 1461 3072 1786 2826 2543 615 378 2670 2680 1186 1099 3009 569 1007 
1267 1871 1199 560 3027 1993 1390 2478 968 157 803 734 1527 345 1426 642 2764 509 0 1929 1890 2422 2024 1037 2866 1042 1176 2978 612 1587 1820 1071 479 3026 1857 388 633 2940 2883 949 1320 2103 3162 572 427 784 1907 570 451 2499 750 830 1243 2057 1995 3061 430 3213 1233 769 890 2412 629 1920 1570 386 1809 1724 786 2281 2877 2627 1213 491 2259 2397 1413 1051 1628 1562 505 1130 2453 721 1254 2786 1075 3087 1521 2937 2373 106 362 2502 2534 794 593 3054 100 507 
956 1195 1918 1407 1918 704 2269 829 2165 1981 2715 1259 415 1783 521 2238 1004 1709 1929 0 1779 867 1543 1612 1097 2002 761 1608 1715 1309 428 1762 2149 1274 1264 1986 1929 1639 1533 1039 1554 243 2088 2342 2191 1465 427 2479 1652 1501 2395 2741 986 807 192 1814 1988 1559 1807 1330 1886 1235 2321 24 580 2219 304 1304 1873 1862 1626 1420 1933 2014 791 1942 980 2200 302 822 2254 2313 1248 2625 797 1785 2997 1602 1660 1188 1741 1994 1573 1829 1759 2719 2374 1481 1889 2130 
2104 617 806 1486 1350 1169 3088 1566 2747 1796 2550 1839 1532 1547 1710 2519 1845 2140 1890 1779 0 1442 354 2476 1918 2720 1645 1525 2229 499 1356 2600 1667 1994 541 1598 2388 1438 1446 1805 574 1720 1435 2461 1771 2159 1384 2367 2034 930 2639 2575 2112 1114 1652 1477 1563 1987 708 1232 2549 1059 2519 1755 1233 2271 1475 475 1171 414 1353 1171 803 1528 1319 523 883 2821 1640 977 1772 2926 1099 2501 1902 1101 2553 1710 369 1930 590 1858 1767 699 781 2363 1855 1782 1791 1620 
1759 853 1938 1862 1077 433 3063 127 2893 2422 3223 1900 1033 2175 1254 2875 413 2354 2422 867 1442 0 1103 2388 500 2760 1418 740 2390 1151 645 2539 2487 627 926 2343 2604 776 667 1716 1523 641 1246 2930 2559 2177 565 2993 2273 768 3029 3251 1786 397 677 952 2330 793 1808 1677 2621 486 2935 851 862 2775 721 1055 2074 1329 772 602 1947 2333 166 1368 1061 2940 1018 879 2603 3056 475 3143 1563 992 3413 748 1515 543 1133 2456 2111 1175 1072 3154 2718 658 2353 2453 
2015 349 1073 1552 1059 880 3111 1229 2805 1952 2741 1840 1363 1692 1569 2626 1500 2197 2024 1543 354 1103 0 2467 1570 2751 1555 1184 2275 450 1115 2602 1874 1641 288 1781 2454 1103 1101 1764 734 1449 1169 2596 1973 2165 1126 2541 2093 591 2758 2767 2028 808 1395 1160 1750 1634 955 1295 2583 705 2641 1519 1050 2410 1242 334 1381 336 1019 823 1074 1726 992 440 783 2875 1454 806 1986 2984 745 2682 1803 807 2792 1363 590 1579 350 2009 1842 478 516 2580 2080 1429 1929 1829 
658 2191 2012 1039 3279 2034 677 2391 585 1190 1504 636 1355 1232 1135 838 2609 527 1037 1612 2476 2388 2467 0 2706 394 988 3087 429 2028 1749 151 1509 2882 2214 1386 524 3086 2998 716 1937 1849 3439 1035 1464 325 1823 1312 598 2765 970 1523 627 2133 1764 3243 1421 3149 1990 1266 321 2579 957 1616 1588 1031 1667 2133 1661 2788 3046 2800 2029 1482 2255 2901 1692 601 1378 1737 1543 710 2611 1412 828 3076 1928 3133 2147 2794 2796 1143 835 2920 2909 1666 1626 3043 1093 1530 
2052 1348 2439 2307 1236 916 3366 403 3245 2879 3669 2287 1391 2639 1581 3273 101 2745 2866 1097 1918 500 1570 2706 0 3092 1785 796 2767 1651 1047 2856 2964 177 1419 2816 2983 885 776 2084 2024 857 1382 3348 3032 2534 960 3436 2673 1125 3430 3696 2082 895 943 1044 2805 489 2309 2142 2968 884 3344 1091 1296 3203 1077 1553 2566 1753 929 889 2448 2813 660 1771 1548 3285 1337 1359 3080 3400 854 3586 1880 1250 3882 673 2013 95 1535 2908 2537 1547 1430 3618 3197 497 2804 2933 
1051 2499 2165 1237 3615 2391 370 2769 220 1199 1283 918 1727 1321 1515 602 2995 596 1042 2002 2720 2760 2751 394 3092 0 1346 3446 496 2303 2117 256 1516 3268 2514 1427 409 3439 3355 1055 2159 2237 3772 822 1448 600 2194 1132 700 3093 690 1297 1019 2487 2149 3591 1468 3530 2165 1488 171 2924 721 2006 1939 889 2043 2418 1777 3059 3395 3146 2181 1530 2622 3175 1995 212 1759 2064 1520 316 2957 1199 1211 3403 1733 3501 2372 3180 3090 1139 973 3216 3215 1498 1578 3417 1123 1548 
462 1244 1453 689 2293 1046 1665 1436 1475 1241 1954 504 394 1072 250 1491 1685 961 1176 761 1645 1418 1555 988 1785 1346 0 2101 982 1153 773 1138 1446 1958 1280 1281 1198 2098 2011 299 1203 959 2456 1584 1473 759 853 1719 896 1786 1648 1980 473 1145 856 2254 1291 2198 1374 702 1204 1591 1568 754 600 1458 711 1228 1273 1889 2057 1812 1470 1328 1276 1995 776 1522 465 772 1542 1639 1622 1864 257 2097 2250 2155 1383 1868 1860 1247 816 1978 1952 1969 1660 2076 1143 1435 
2477 1145 2233 2432 448 1054 3765 797 3561 2948 3759 2554 1737 2687 1967 3495 807 2993 2978 1608 1525 740 1184 3087 796 3446 2101 0 3042 1473 1342 3238 2947 735 1186 2825 3250 108 95 2391 1848 1380 586 3521 3034 2851 1275 3538 2903 595 3645 3786 2503 961 1417 248 2802 538 2108 2209 3298 568 3541 1591 1508 3352 1439 1339 2480 1222 189 371 2237 2792 840 1194 1565 3615 1741 1428 3064 3731 526 3688 2274 537 3884 203 1754 733 987 2992 2705 941 820 3646 3170 354 2897 2906 
844 2041 1672 743 3177 1994 867 2415 532 767 1129 490 1376 843 1197 530 2667 107 612 1715 2229 2390 2275 429 2767 496 982 3042 0 1825 1746 463 1088 2940 2050 975 215 3026 2949 684 1664 1931 3329 678 1038 268 1829 917 205 2650 685 1150 813 2082 1833 3169 1013 3177 1669 997 325 2501 628 1713 1539 629 1693 1946 1293 2577 2975 2724 1688 1074 2241 2693 1539 599 1437 1629 1116 710 2537 1034 929 2956 1528 3115 1878 2850 2619 717 478 2746 2752 1258 1197 3047 675 1112 
1615 331 792 1102 1448 783 2666 1261 2355 1527 2327 1397 1036 1264 1210 2180 1564 1747 1587 1309 499 1151 450 2028 1651 2303 1153 1473 1825 0 900 2160 1483 1763 288 1373 2004 1413 1381 1335 383 1283 1578 2157 1575 1721 944 2119 1643 930 2314 2354 1624 766 1202 1508 1346 1837 662 846 2135 916 2199 1285 745 1973 1009 139 1007 759 1339 1103 800 1330 998 873 384 2425 1147 490 1598 2534 961 2264 1408 1203 2416 1622 376 1686 797 1580 1392 925 947 2188 1701 1644 1495 1440 
1136 767 1575 1263 1585 314 2426 671 2248 1839 2623 1258 395 1608 625 2238 945 1714 1820 428 1356 645 1115 1749 1047 2117 773 1342 1746 900 0 1900 1949 1211 836 1795 1961 1350 1255 1071 1184 389 1753 2304 2009 1532 86 2389 1637 1122 2394 2650 1161 423 302 1515 1788 1430 1455 1116 1977 879 2303 403 259 2157 130 882 1600 1436 1319 1087 1588 1802 506 1518 615 2296 411 431 2062 2412 902 2539 931 1422 2850 1384 1264 1121 1324 1865 1491 1418 1357 2581 2181 1303 1760 1922 
806 2332 2107 1143 3426 2184 527 2542 465 1228 1456 764 1506 1300 1287 776 2760 570 1071 1762 2600 2539 2602 151 2856 256 1138 3238 463 2160 1900 0 1550 3033 2353 1438 493 3236 3149 861 2053 1999 3586 985 1496 441 1975 1279 657 2910 892 1473 775 2283 1915 3392 1476 3300 2092 1380 238 2728 897 1766 1737 1009 1819 2268 1742 2920 3195 2949 2123 1537 2406 3034 1831 468 1529 1882 1573 571 2760 1366 980 3221 1893 3284 2265 2945 2934 1176 915 3058 3050 1640 1647 3194 1138 1575 
1648 1803 886 757 2924 2054 1856 2563 1424 321 884 1107 1734 374 1690 1050 2865 983 479 2149 1667 2487 1874 1509 2964 1516 1446 2947 1088 1483 1949 1550 0 3111 1771 164 1107 2893 2853 1289 1140 2284 3043 905 106 1235 2033 722 913 2413 1115 909 1629 2097 2175 2992 162 3254 962 834 1368 2381 995 2135 1690 726 1970 1622 497 2079 2821 2580 895 155 2320 2190 1427 1507 1851 1607 117 1576 2424 842 1588 2675 937 3082 1308 3024 2212 377 732 2336 2390 706 232 3077 416 49 
2229 1449 2555 2467 1183 1057 3543 549 3420 3035 3829 2458 1563 2792 1756 3444 273 2916 3026 1274 1994 627 1641 2882 177 3268 1958 735 2940 1763 1211 3033 3111 0 1516 2965 3156 835 736 2256 2142 1034 1317 3515 3181 2708 1124 3596 2843 1151 3600 3856 2259 1024 1119 978 2953 331 2425 2294 3143 940 3512 1268 1455 3368 1248 1657 2702 1796 893 901 2563 2958 793 1803 1687 3460 1512 1503 3227 3575 904 3747 2057 1233 4034 578 2116 90 1570 3066 2702 1567 1447 3772 3343 396 2962 3078 
1738 76 1061 1349 1170 628 2869 1045 2582 1804 2609 1597 1075 1541 1283 2433 1338 1979 1857 1264 541 926 288 2214 1419 2514 1280 1186 2050 288 836 2353 1771 1516 0 1658 2238 1125 1094 1503 663 1184 1305 2423 1862 1921 853 2398 1877 646 2572 2636 1753 575 1123 1222 1632 1565 933 1100 2349 634 2459 1239 762 2242 961 153 1295 623 1051 815 1067 1617 789 722 522 2649 1166 521 1886 2761 679 2544 1524 929 2704 1339 601 1444 583 1855 1639 705 701 2475 1989 1369 1768 1728 
1491 1685 849 592 2820 1910 1779 2417 1357 239 960 951 1571 209 1525 1011 2717 868 388 1986 1598 2343 1781 1386 2816 1427 1281 2825 975 1373 1795 1438 164 2965 1658 0 1021 2775 2730 1128 1049 2125 2944 896 215 1099 1879 768 788 2303 1097 986 1472 1957 2016 2879 42 3116 906 678 1271 2257 975 1972 1535 708 1812 1512 436 2004 2704 2461 861 102 2177 2118 1288 1439 1688 1464 268 1517 2300 904 1426 2573 1070 2954 1232 2878 2124 306 584 2250 2297 821 388 2943 304 159 
1043 2233 1783 905 3376 2205 759 2630 360 790 980 703 1592 927 1412 330 2883 260 633 1929 2388 2604 2454 524 2983 409 1198 3250 215 2004 1961 493 1107 3156 2238 1021 0 3232 3157 900 1817 2147 3526 511 1039 470 2044 790 361 2847 480 999 1011 2291 2049 3373 1061 3391 1794 1162 271 2705 441 1927 1750 516 1908 2128 1386 2747 3180 2928 1799 1123 2454 2864 1733 439 1653 1832 1112 538 2742 887 1140 3152 1405 3326 2029 3066 2800 730 620 2928 2939 1148 1175 3260 718 1139 
2487 1090 2162 2399 351 1052 3764 847 3548 2905 3716 2539 1743 2643 1975 3470 889 2973 2940 1639 1438 776 1103 3086 885 3439 2098 108 3026 1413 1350 3236 2893 835 1125 2775 3232 0 115 2383 1783 1418 500 3489 2982 2842 1287 3497 2881 511 3618 3743 2511 953 1448 176 2751 647 2038 2171 3289 530 3512 1622 1500 3317 1454 1277 2421 1123 86 314 2165 2739 858 1091 1529 3604 1755 1402 3010 3720 491 3646 2280 429 3829 310 1680 828 889 2951 2677 838 717 3595 3114 461 2857 2852 
2392 1052 2145 2337 460 964 3676 734 3469 2853 3664 2461 1650 2592 1881 3401 776 2900 2883 1533 1446 667 1101 2998 776 3355 2011 95 2949 1381 1255 3149 2853 736 1094 2730 3157 115 0 2300 1757 1308 614 3427 2940 2760 1190 3443 2809 517 3550 3691 2417 869 1341 290 2708 580 2019 2114 3207 473 3447 1516 1417 3257 1355 1247 2387 1156 156 281 2149 2698 757 1135 1470 3524 1657 1333 2970 3640 431 3593 2187 503 3790 265 1667 723 920 2897 2611 884 762 3552 3076 381 2802 2813 
379 1477 1477 564 2565 1336 1387 1735 1177 1040 1696 224 693 921 518 1199 1984 669 949 1039 1805 1716 1764 716 2084 1055 299 2391 684 1335 1071 861 1289 2256 1503 1128 900 2383 2300 0 1304 1250 2725 1304 1297 461 1151 1463 614 2049 1356 1722 368 1431 1150 2536 1146 2497 1422 687 908 1869 1281 1035 883 1191 1010 1430 1219 2090 2339 2092 1495 1193 1572 2201 982 1226 754 1021 1372 1343 1902 1604 306 2360 2021 2450 1504 2166 2086 1033 589 2208 2194 1739 1485 2374 935 1287 
1641 713 414 921 1787 1132 2528 1628 2177 1233 2009 1303 1211 978 1331 1945 1934 1573 1320 1554 574 1523 734 1937 2024 2159 1203 1848 1664 383 1184 2053 1140 2142 663 1049 1817 1783 1757 1304 0 1574 1903 1892 1238 1614 1244 1814 1466 1286 2067 2035 1643 1131 1481 1867 1018 2220 284 673 1987 1297 1947 1531 974 1703 1271 510 648 962 1706 1477 424 992 1366 1077 575 2252 1336 753 1252 2355 1342 1953 1457 1536 2061 2002 213 2063 1075 1293 1197 1200 1250 1846 1347 2027 1222 1094 
1195 1111 1962 1563 1710 572 2509 591 2395 2142 2898 1463 577 1928 735 2449 762 1919 2103 243 1720 641 1449 1849 857 2237 959 1380 1931 1283 389 1999 2284 1034 1184 2125 2147 1418 1308 1250 1574 0 1879 2542 2335 1689 339 2663 1856 1326 2606 2925 1225 661 109 1594 2122 1315 1843 1452 2116 1049 2527 234 623 2411 320 1252 1967 1750 1410 1218 1976 2143 589 1820 1003 2432 495 820 2394 2546 1056 2811 1027 1595 3160 1364 1651 947 1606 2160 1754 1682 1601 2885 2514 1239 2055 2261 
2875 1299 2229 2651 170 1440 4112 1331 3860 3105 3903 2856 2133 2842 2367 3735 1389 3266 3162 2088 1435 1246 1169 3439 1382 3772 2456 586 3329 1578 1753 3586 3043 1317 1305 2944 3526 500 614 2725 1903 1879 0 3728 3140 3171 1703 3697 3167 679 3876 3929 2896 1332 1896 339 2915 1075 2117 2405 3613 874 3764 2068 1858 3547 1869 1440 2550 1040 478 669 2228 2893 1297 961 1793 3922 2164 1707 3155 4037 851 3841 2662 376 3961 746 1753 1320 847 3158 2939 738 659 3749 3249 924 3072 2998 
1519 2432 1744 1090 3590 2509 1073 2974 644 671 471 1082 1969 914 1821 220 3247 646 572 2342 2461 2930 2596 1035 3348 822 1584 3521 678 2157 2304 985 905 3515 2423 896 511 3489 3427 1304 1892 2542 3728 0 806 944 2390 314 689 3060 213 489 1489 2583 2438 3616 938 3724 1791 1325 747 2959 109 2336 2068 190 2273 2292 1329 2854 3429 3177 1756 990 2771 2969 1960 716 2049 2095 857 745 2999 381 1582 3352 912 3620 2091 3425 2946 606 820 3074 3104 678 871 3575 670 950 
1646 1892 992 787 3019 2125 1780 2633 1345 278 779 1104 1777 408 1720 960 2932 937 427 2191 1771 2559 1973 1464 3032 1448 1473 3034 1038 1575 2009 1496 106 3181 1862 215 1039 2982 2940 1297 1238 2335 3140 806 0 1204 2093 615 875 2506 1018 804 1625 2172 2226 3084 232 3331 1067 893 1305 2467 900 2178 1750 632 2024 1714 599 2182 2911 2669 1001 246 2392 2293 1503 1428 1891 1679 79 1492 2510 736 1600 2771 855 3166 1410 3094 2312 321 722 2437 2488 613 188 3157 384 155 
576 1903 1688 714 3014 1797 948 2194 716 925 1389 324 1149 929 954 795 2435 313 784 1465 2159 2177 2165 325 2534 600 759 2851 268 1721 1532 441 1235 2708 1921 1099 470 2842 2760 461 1614 1689 3171 944 1204 0 1612 1171 334 2493 949 1411 545 1890 1593 2992 1131 2956 1664 942 447 2324 896 1465 1342 882 1467 1831 1345 2480 2796 2547 1705 1190 2034 2594 1400 765 1197 1464 1283 881 2358 1294 671 2803 1774 2912 1825 2619 2500 889 526 2625 2620 1499 1377 2835 821 1250 
1203 782 1640 1350 1534 279 2499 586 2328 1925 2710 1342 468 1693 693 2323 858 1799 1907 427 1384 565 1126 1823 960 2194 853 1275 1829 944 86 1975 2033 1124 853 1879 2044 1287 1190 1151 1244 339 1703 2390 2093 1612 0 2476 1722 1087 2479 2737 1228 386 269 1455 1872 1347 1518 1200 2056 833 2389 403 343 2243 166 914 1678 1439 1261 1035 1653 1886 434 1516 681 2375 467 492 2146 2491 852 2626 1001 1381 2936 1309 1313 1034 1314 1952 1578 1402 1335 2667 2265 1223 1847 2005 
1728 2417 1604 1130 3567 2563 1387 3049 959 593 235 1239 2086 857 1965 534 3334 858 570 2479 2367 2993 2541 1312 3436 1132 1719 3538 917 2119 2389 1279 722 3596 2398 768 790 3497 3443 1463 1814 2663 3697 314 615 1171 2476 0 867 3043 505 262 1700 2626 2555 3612 804 3783 1671 1331 1045 2971 422 2471 2141 288 2375 2258 1200 2772 3431 3183 1614 843 2829 2886 1975 1031 2179 2130 643 1056 3012 150 1759 3323 615 3652 2000 3507 2887 545 908 3014 3056 365 622 3622 643 771 
861 1872 1466 547 3018 1865 1071 2308 714 597 1096 393 1286 642 1131 601 2572 106 451 1652 2034 2273 2093 598 2673 700 896 2903 205 1643 1637 657 913 2843 1877 788 361 2881 2809 614 1466 1856 3167 689 875 334 1722 867 0 2488 757 1120 834 1947 1753 3020 823 3065 1464 804 530 2353 671 1647 1413 585 1596 1766 1088 2388 2827 2575 1482 884 2119 2505 1374 787 1362 1479 954 894 2391 1002 898 2792 1457 2985 1679 2753 2439 556 273 2567 2577 1178 1045 2927 496 932 
2216 628 1655 1977 530 810 3436 888 3180 2449 3255 2177 1483 2186 1715 3060 1082 2587 2499 1501 930 768 591 2765 1125 3093 1786 595 2650 930 1122 2910 2413 1151 646 2303 2847 511 517 2049 1286 1326 679 3060 2506 2493 1087 3043 2488 0 3203 3282 2236 701 1316 580 2277 1078 1533 1735 2934 284 3092 1479 1193 2882 1247 791 1931 652 428 256 1658 2260 744 651 1114 3243 1529 1029 2528 3357 293 3189 2001 311 3344 782 1172 1108 420 2500 2263 421 308 3119 2629 872 2410 2370 
1523 2577 1940 1225 3733 2616 893 3065 487 865 604 1144 2041 1095 1874 157 3329 687 750 2395 2639 3029 2758 970 3430 690 1648 3645 685 2314 2394 892 1115 3600 2572 1097 480 3618 3550 1356 2067 2606 3876 213 1018 949 2479 505 757 3203 0 615 1491 2696 2505 3750 1139 3822 1982 1471 656 3088 122 2391 2168 390 2352 2447 1525 3026 3560 3308 1953 1193 2874 3142 2093 547 2111 2216 1070 555 3127 529 1614 3499 1060 3734 2270 3510 3108 798 941 3236 3261 854 1084 3681 850 1159 
1977 2658 1793 1389 3803 2820 1503 3308 1101 838 27 1498 2348 1099 2227 699 3595 1101 830 2741 2575 3251 2767 1523 3696 1297 1980 3786 1150 2354 2650 1473 909 3856 2636 986 999 3743 3691 1722 2035 2925 3929 489 804 1411 2737 262 1120 3282 615 0 1947 2881 2818 3854 1017 4039 1871 1583 1235 3218 578 2733 2401 534 2637 2493 1403 2985 3675 3428 1802 1047 3087 3097 2226 1162 2442 2384 811 1163 3260 118 2016 3556 448 3904 2213 3767 3110 797 1170 3235 3283 307 756 3877 897 957 
32 1714 1841 929 2731 1463 1285 1779 1194 1356 1924 522 768 1270 535 1339 1987 847 1243 986 2112 1786 2028 627 2082 1019 473 2503 813 1624 1161 775 1629 2259 1753 1472 1011 2511 2417 368 1643 1225 2896 1489 1625 545 1228 1700 834 2236 1491 1947 0 1568 1143 2674 1494 2532 1780 1052 915 2024 1441 991 1043 1414 1066 1702 1588 2363 2478 2240 1858 1544 1663 2469 1249 1222 767 1239 1702 1333 2051 1830 234 2546 2290 2534 1834 2172 2331 1338 903 2447 2417 2009 1811 2434 1249 1631 
1545 499 1545 1500 1165 109 2811 497 2600 2047 2854 1593 801 1795 1035 2544 804 2036 2057 807 1114 397 808 2133 895 2487 1145 961 2082 766 423 2283 2097 1024 575 1957 2291 953 869 1431 1131 661 1332 2583 2172 1890 386 2626 1947 701 2696 2881 1568 0 630 1110 1941 1160 1415 1299 2338 458 2596 784 548 2420 546 685 1678 1093 913 672 1555 1943 235 1159 669 2654 834 497 2213 2770 483 2777 1334 998 3027 1038 1137 941 945 2084 1763 1025 952 2773 2328 996 1984 2062 
1114 1051 1865 1454 1726 531 2428 645 2303 2033 2791 1361 470 1819 639 2348 846 1818 1995 192 1652 677 1395 1764 943 2149 856 1417 1833 1202 302 1915 2175 1119 1123 2016 2049 1448 1341 1150 1481 109 1896 2438 2226 1593 269 2555 1753 1316 2505 2818 1143 630 0 1622 2013 1389 1747 1343 2025 1046 2424 174 521 2305 215 1180 1861 1705 1434 1229 1879 2034 599 1780 907 2342 396 730 2285 2456 1058 2704 937 1596 3051 1416 1566 1031 1572 2052 1647 1655 1581 2776 2405 1301 1946 2152 
2651 1195 2231 2528 218 1212 3920 1024 3695 3019 3827 2686 1906 2756 2139 3604 1055 3114 3061 1814 1477 952 1160 3243 1044 3591 2254 248 3169 1508 1515 3392 2992 978 1222 2879 3373 176 290 2536 1867 1594 339 3616 3084 2992 1455 3612 3020 580 3750 3854 2674 1110 1622 0 2854 749 2110 2293 3438 668 3643 1796 1654 3441 1622 1370 2512 1129 196 445 2233 2839 1029 1079 1657 3753 1922 1541 3107 3868 633 3760 2442 394 3924 412 1748 981 901 3067 2809 828 715 3697 3209 587 2976 2949 
1512 1661 809 602 2793 1896 1820 2405 1398 281 991 974 1572 224 1533 1054 2706 906 430 1988 1563 2330 1750 1421 2805 1468 1291 2802 1013 1346 1788 1476 162 2953 1632 42 1061 2751 2708 1146 1018 2122 2915 938 232 1131 1872 804 823 2277 1139 1017 1494 1941 2013 2854 0 3100 868 672 1311 2235 1017 1974 1528 750 1808 1485 397 1970 2680 2437 820 62 2163 2083 1272 1481 1691 1450 274 1559 2278 938 1442 2545 1087 2934 1197 2865 2093 348 613 2218 2266 844 393 2925 344 143 
2503 1508 2626 2653 967 1220 3817 762 3671 3207 4012 2689 1806 2956 2015 3667 564 3145 3213 1559 1987 793 1634 3149 489 3530 2198 538 3177 1837 1430 3300 3254 331 1565 3116 3391 647 580 2497 2220 1315 1075 3724 3331 2956 1347 3783 3065 1078 3822 4039 2532 1160 1389 749 3100 0 2497 2460 3397 938 3728 1549 1655 3568 1489 1715 2818 1728 724 823 2632 3099 954 1713 1828 3716 1771 1657 3371 3832 895 3933 2320 1075 4187 339 2163 394 1493 3243 2904 1464 1341 3933 3483 206 3142 3217 
1782 988 130 950 2014 1416 2535 1913 2154 1120 1847 1376 1442 890 1535 1875 2219 1569 1233 1807 708 1808 955 1990 2309 2165 1374 2108 1669 662 1455 2092 962 2425 933 906 1794 2038 2019 1422 284 1843 2117 1791 1067 1664 1518 1671 1464 1533 1982 1871 1780 1415 1747 2110 868 2497 0 740 1994 1567 1860 1785 1232 1601 1534 781 471 1122 1958 1737 139 828 1651 1231 840 2233 1570 1026 1065 2328 1611 1801 1618 1762 1848 2269 365 2347 1273 1185 1191 1392 1458 1655 1147 2301 1133 914 
1058 1107 790 257 2265 1243 1857 1744 1519 747 1556 639 916 498 917 1334 2041 910 769 1330 1232 1677 1295 1266 2142 1488 702 2209 997 846 1116 1380 834 2294 1100 678 1162 2171 2114 687 673 1452 2405 1325 893 942 1200 1331 804 1735 1471 1583 1052 1299 1343 2293 672 2460 740 0 1317 1642 1359 1314 857 1148 1136 976 571 1584 2107 1857 807 690 1511 1701 644 1592 1039 802 946 1698 1683 1481 917 2028 1740 2321 886 2206 1644 786 546 1772 1792 1478 1065 2294 688 809 
948 2336 1996 1065 3457 2244 542 2635 279 1048 1218 757 1591 1157 1386 537 2870 426 890 1886 2549 2621 2583 321 2968 171 1204 3298 325 2135 1977 238 1368 3143 2349 1271 271 3289 3207 908 1987 2116 3613 747 1305 447 2056 1045 530 2934 656 1235 915 2338 2025 3438 1311 3397 1994 1317 0 2770 658 1887 1790 781 1908 2251 1611 2890 3242 2993 2012 1373 2480 3006 1832 319 1631 1906 1379 435 2804 1129 1089 3243 1657 3359 2200 3054 2924 990 803 3050 3051 1408 1445 3279 967 1397 
2002 585 1695 1869 707 566 3255 609 3026 2380 3191 2017 1259 2119 1493 2940 828 2447 2412 1235 1059 486 705 2579 884 2924 1591 568 2501 916 879 2728 2381 940 634 2257 2705 530 473 1869 1297 1049 874 2959 2467 2324 833 2971 2353 284 3088 3218 2024 458 1046 668 2235 938 1567 1642 2770 0 2982 1214 991 2788 998 787 1919 869 474 222 1701 2226 462 894 999 3084 1291 874 2497 3200 44 3120 1790 550 3318 706 1227 882 657 2425 2147 690 586 3078 2605 737 2329 2341 
1472 2466 1818 1115 3623 2519 964 2975 538 743 562 1063 1958 974 1799 121 3242 613 629 2321 2519 2935 2641 957 3344 721 1568 3541 628 2199 2303 897 995 3512 2459 975 441 3512 3447 1281 1947 2527 3764 109 900 896 2389 422 671 3092 122 578 1441 2596 2424 3643 1017 3728 1860 1359 658 2982 0 2316 2073 269 2266 2332 1403 2907 3454 3202 1831 1072 2778 3023 1986 608 2033 2113 954 636 3022 477 1549 3387 1011 3634 2150 3422 2991 676 835 3120 3147 784 974 3584 729 1039 
961 1171 1897 1394 1898 680 2275 815 2167 1970 2707 1254 401 1770 517 2234 996 1705 1920 24 1755 851 1519 1616 1091 2006 754 1591 1713 1285 403 1766 2135 1268 1239 1972 1927 1622 1516 1035 1531 234 2068 2336 2178 1465 403 2471 1647 1479 2391 2733 991 784 174 1796 1974 1549 1785 1314 1887 1214 2316 0 557 2213 279 1279 1855 1838 1608 1400 1912 1999 771 1918 957 2202 292 798 2240 2316 1227 2617 798 1764 2986 1588 1636 1181 1717 1983 1564 1805 1736 2708 2361 1468 1878 2115 
1023 708 1347 1011 1694 455 2265 908 2053 1584 2374 1049 313 1350 532 2014 1194 1497 1570 580 1233 862 1050 1588 1296 1939 600 1508 1539 745 259 1737 1690 1455 762 1535 1750 1500 1417 883 974 623 1858 2068 1750 1342 343 2141 1413 1193 2168 2401 1043 548 521 1654 1528 1655 1232 857 1790 991 2073 557 0 1915 305 764 1346 1385 1458 1212 1361 1543 706 1481 399 2107 407 256 1802 2223 1022 2291 808 1503 2593 1576 1083 1366 1314 1612 1250 1423 1383 2325 1922 1513 1507 1662 
1443 2254 1555 921 3410 2350 1182 2823 744 481 510 967 1835 725 1701 332 3102 570 386 2219 2271 2775 2410 1031 3203 889 1458 3352 629 1973 2157 1009 726 3368 2242 708 516 3317 3257 1191 1703 2411 3547 190 632 882 2243 288 585 2882 390 534 1414 2420 2305 3441 750 3568 1601 1148 781 2788 269 2213 1915 0 2133 2109 1140 2665 3255 3004 1567 803 2614 2781 1788 823 1923 1929 690 873 2828 416 1482 3171 900 3455 1902 3278 2760 415 665 2888 2920 634 719 3415 481 770 
1040 893 1651 1260 1700 437 2342 727 2182 1839 2610 1209 317 1618 533 2196 976 1668 1809 304 1475 721 1242 1667 1077 2043 711 1439 1693 1009 130 1819 1970 1248 961 1812 1908 1454 1355 1010 1271 320 1869 2273 2024 1467 166 2375 1596 1247 2352 2637 1066 546 215 1622 1808 1489 1534 1136 1908 998 2266 279 305 2133 0 1000 1647 1565 1427 1201 1665 1827 598 1648 696 2227 301 525 2080 2343 1018 2524 842 1544 2855 1468 1365 1158 1454 1861 1469 1548 1486 2583 2200 1375 1756 1945 
1690 208 910 1230 1309 719 2778 1171 2477 1665 2466 1506 1069 1402 1261 2311 1469 1870 1724 1304 475 1055 334 2133 1553 2418 1228 1339 1946 139 882 2268 1622 1657 153 1512 2128 1277 1247 1430 510 1252 1440 2292 1714 1831 914 2258 1766 791 2447 2493 1702 685 1180 1370 1485 1715 781 976 2251 787 2332 1279 764 2109 1000 0 1144 661 1202 968 917 1469 911 771 453 2545 1171 508 1737 2656 831 2403 1480 1065 2554 1492 460 1582 673 1718 1521 800 815 2327 1839 1520 1632 1579 
1598 1335 415 665 2435 1650 2142 2163 1739 659 1378 1107 1466 459 1487 1428 2470 1187 786 1873 1171 2074 1381 1661 2566 1777 1273 2480 1293 1007 1600 1742 497 2702 1295 436 1386 2421 2387 1219 648 1967 2550 1329 599 1345 1678 1200 1088 1931 1525 1403 1588 1678 1861 2512 397 2818 471 571 1611 1919 1403 1855 1346 1140 1647 1144 0 1582 2346 2110 428 357 1909 1694 1019 1820 1594 1211 606 1908 1963 1330 1478 2185 1413 2625 811 2618 1716 726 827 1840 1895 1200 699 2633 688 450 
2350 679 1220 1842 974 1178 3423 1457 3103 2195 2960 2156 1699 1941 1905 2900 1698 2494 2281 1862 414 1329 336 2788 1753 3059 1889 1222 2577 759 1436 2920 2079 1796 623 2004 2747 1123 1156 2090 962 1750 1040 2854 2182 2480 1439 2772 2388 652 3026 2985 2363 1093 1705 1129 1970 1728 1122 1584 2890 869 2907 1838 1385 2665 1565 661 1582 0 1037 908 1217 1938 1246 116 1114 3175 1786 1143 2185 3282 899 2908 2138 736 2968 1420 772 1746 235 2255 2130 306 413 2777 2269 1523 2184 2031 
2454 1019 2081 2339 315 1015 3723 854 3500 2838 3648 2491 1710 2576 1943 3413 924 2921 2877 1626 1353 772 1019 3046 929 3395 2057 189 2975 1339 1319 3195 2821 893 1051 2704 3180 86 156 2339 1706 1410 478 3429 2911 2796 1261 3431 2827 428 3560 3675 2478 913 1434 196 2680 724 1958 2107 3242 474 3454 1608 1458 3255 1427 1202 2346 1037 0 252 2084 2667 838 1006 1468 3557 1728 1348 2937 3673 438 3579 2246 351 3755 392 1599 879 802 2885 2619 753 632 3524 3041 531 2792 2779 
2217 777 1863 2087 499 778 3477 707 3249 2590 3401 2240 1473 2329 1707 3161 856 2669 2627 1420 1171 602 823 2800 889 3146 1812 371 2724 1103 1087 2949 2580 901 815 2461 2928 314 281 2092 1477 1218 669 3177 2669 2547 1035 3183 2575 256 3308 3428 2240 672 1229 445 2437 823 1737 1857 2993 222 3202 1400 1212 3004 1201 968 2110 908 252 0 1867 2426 631 904 1217 3307 1498 1096 2697 3423 189 3331 2007 390 3516 540 1385 863 676 2637 2367 665 545 3282 2802 617 2543 2539 
1863 1124 17 993 2130 1555 2549 2052 2156 1087 1778 1431 1561 878 1643 1855 2358 1585 1213 1933 803 1947 1074 2029 2448 2181 1470 2237 1688 800 1588 2123 895 2563 1067 861 1799 2165 2149 1495 424 1976 2228 1756 1001 1705 1653 1614 1482 1658 1953 1802 1858 1555 1879 2233 820 2632 139 807 2012 1701 1831 1912 1361 1567 1665 917 428 1217 2084 1867 0 774 1790 1322 973 2236 1690 1161 990 2327 1745 1738 1707 1878 1752 2401 485 2486 1382 1154 1212 1497 1570 1571 1062 2436 1113 846 
1561 1649 763 642 2773 1901 1882 2411 1459 340 1021 1026 1599 273 1567 1111 2714 967 491 2014 1528 2333 1726 1482 2813 1530 1328 2792 1074 1330 1802 1537 155 2958 1617 102 1123 2739 2698 1193 992 2143 2893 990 246 1190 1886 843 884 2260 1193 1047 1544 1943 2034 2839 62 3099 828 690 1373 2226 1072 1999 1543 803 1827 1469 357 1938 2667 2426 774 0 2167 2050 1273 1542 1719 1455 272 1619 2269 972 1485 2524 1092 2927 1165 2871 2066 407 669 2191 2242 858 384 2922 406 119 
1637 715 1780 1699 1127 267 2932 262 2749 2257 3059 1751 900 2009 1128 2720 568 2202 2259 791 1319 166 992 2255 660 2622 1276 840 2241 998 506 2406 2320 793 789 2177 2454 858 757 1572 1366 589 1297 2771 2392 2034 434 2829 2119 744 2874 3087 1663 235 599 1029 2163 954 1651 1511 2480 462 2778 771 706 2614 598 911 1909 1246 838 631 1790 2167 0 1296 895 2799 900 713 2436 2915 467 2980 1436 1005 3247 879 1367 708 1068 2291 1951 1126 1034 2988 2552 807 2189 2286 
2456 772 1326 1958 910 1249 3538 1495 3219 2310 3072 2270 1794 2056 2005 3016 1721 2610 2397 1942 523 1368 440 2901 1771 3175 1995 1194 2693 873 1518 3034 2190 1803 722 2118 2864 1091 1135 2201 1077 1820 961 2969 2293 2594 1516 2886 2505 651 3142 3097 2469 1159 1780 1079 2083 1713 1231 1701 3006 894 3023 1918 1481 2781 1648 771 1694 116 1006 904 1322 2050 1296 0 1223 3291 1879 1243 2296 3398 919 3021 2243 685 3074 1395 885 1758 236 2370 2246 254 374 2886 2378 1509 2299 2142 
1238 503 960 871 1644 632 2348 1145 2071 1388 2199 1077 662 1131 827 1949 1451 1473 1413 980 883 1061 783 1692 1548 1995 776 1565 1539 384 615 1831 1427 1687 522 1288 1733 1529 1470 982 575 1003 1793 1960 1503 1400 681 1975 1374 1114 2093 2226 1249 669 907 1657 1272 1828 840 644 1832 999 1986 957 399 1788 696 453 1019 1114 1468 1217 973 1273 895 1223 0 2135 780 193 1543 2248 1040 2125 1029 1418 2358 1677 688 1602 1104 1430 1152 1227 1220 2106 1658 1656 1333 1392 
1254 2638 2221 1335 3768 2561 359 2954 82 1202 1152 1067 1910 1361 1704 501 3187 681 1051 2200 2821 2940 2875 601 3285 212 1522 3615 599 2425 2296 468 1507 3460 2649 1439 439 3604 3524 1226 2252 2432 3922 716 1428 765 2375 1031 787 3243 547 1162 1222 2654 2342 3753 1481 3716 2233 1592 319 3084 608 2202 2107 823 2227 2545 1820 3175 3557 3307 2236 1542 2799 3291 2135 0 1949 2217 1495 116 3119 1074 1405 3551 1607 3677 2465 3372 3218 1138 1055 3346 3351 1392 1538 3598 1142 1543 
740 1107 1674 1105 1996 725 2049 1013 1908 1679 2415 969 129 1484 244 1954 1238 1424 1628 302 1640 1018 1454 1378 1337 1759 465 1741 1437 1147 411 1529 1851 1512 1166 1688 1653 1755 1657 754 1336 495 2164 2049 1891 1197 467 2179 1362 1529 2111 2442 767 834 396 1922 1691 1771 1570 1039 1631 1291 2033 292 407 1923 301 1171 1594 1786 1728 1498 1690 1719 900 1879 780 1949 0 663 1955 2064 1313 2326 549 1832 2695 1766 1468 1423 1701 1692 1272 1803 1751 2417 2075 1667 1586 1833 
1224 476 1148 1008 1551 446 2406 957 2157 1550 2357 1149 561 1298 762 2068 1262 1572 1562 822 977 879 806 1737 1359 2064 772 1428 1629 490 431 1882 1607 1503 521 1464 1832 1402 1333 1021 753 820 1707 2095 1679 1464 492 2130 1479 1029 2216 2384 1239 497 730 1541 1450 1657 1026 802 1906 874 2113 798 256 1929 525 508 1211 1143 1348 1096 1161 1455 713 1243 193 2217 663 0 1723 2332 911 2280 1008 1340 2534 1526 839 1416 1092 1587 1277 1207 1180 2277 1839 1492 1487 1574 
1723 1919 982 854 3038 2170 1849 2679 1413 358 788 1181 1839 472 1788 1020 2980 1015 505 2254 1772 2603 1986 1543 3080 1520 1542 3064 1116 1598 2062 1573 117 3227 1886 268 1112 3010 2970 1372 1252 2394 3155 857 79 1283 2146 643 954 2528 1070 811 1702 2213 2285 3107 274 3371 1065 946 1379 2497 954 2240 1802 690 2080 1737 606 2185 2937 2697 990 272 2436 2296 1543 1495 1955 1723 0 1556 2541 753 1674 2788 820 3199 1416 3139 2322 399 800 2446 2501 594 120 3194 463 158 
1365 2751 2312 1441 3882 2678 340 3070 179 1278 1155 1182 2026 1450 1819 542 3302 788 1130 2313 2926 3056 2984 710 3400 316 1639 3731 710 2534 2412 571 1576 3575 2761 1517 538 3720 3640 1343 2355 2546 4037 745 1492 881 2491 1056 894 3357 555 1163 1333 2770 2456 3868 1559 3832 2328 1698 435 3200 636 2316 2223 873 2343 2656 1908 3282 3673 3423 2327 1619 2915 3398 2248 116 2064 2332 1556 0 3235 1083 1519 3664 1611 3793 2567 3487 3329 1212 1158 3456 3463 1409 1592 3714 1225 1614 
2029 630 1739 1909 683 590 3287 595 3062 2422 3233 2052 1285 2161 1519 2979 802 2484 2453 1248 1099 475 745 2611 854 2957 1622 526 2537 961 902 2760 2424 904 679 2300 2742 491 431 1902 1342 1056 851 2999 2510 2358 852 3012 2391 293 3127 3260 2051 483 1058 633 2278 895 1611 1683 2804 44 3022 1227 1022 2828 1018 831 1963 899 438 189 1745 2269 467 919 1040 3119 1313 911 2541 3235 0 3162 1818 538 3361 661 1270 849 682 2466 2186 707 599 3122 2649 694 2371 2384 
1859 2564 1729 1281 3712 2713 1422 3199 1009 740 94 1380 2234 1003 2110 597 3485 983 721 2625 2501 3143 2682 1412 3586 1199 1864 3688 1034 2264 2539 1366 842 3747 2544 904 887 3646 3593 1604 1953 2811 3841 381 736 1294 2626 150 1002 3189 529 118 1830 2777 2704 3760 938 3933 1801 1481 1129 3120 477 2617 2291 416 2524 2403 1330 2908 3579 3331 1738 972 2980 3021 2125 1074 2326 2280 753 1083 3162 0 1898 3467 534 3802 2136 3657 3027 695 1056 3153 3198 335 713 3773 793 891 
