0 3475 793 3349 1684 2939 146 1303 2084 1489 3496 365 2474 869 1050 671 854 3242 2851 1064 120 2309 909 3384 999 909 2882 1052 3519 2059 1808 455 1975 3095 535 826 3193 1898 2478 681 2706 1752 2701 983 931 832 447 1766 956 1350 379 866 3285 1027 2714 949 1604 560 711 1606 887 748 488 753 1397 2084 3030 1830 332 3091 911 1263 620 74 2620 296 3401 3390 872 1513 1040 3004 186 828 3341 2688 2699 491 1038 1832 2609 2873 2392 2958 727 3385 1292 553 912 3496 
3475 0 4126 146 1984 838 3400 2306 1424 2055 84 3340 1019 3050 3019 3442 2712 1746 1714 2999 3475 1910 3237 1698 2476 3829 658 3467 1578 1582 1677 3392 2133 907 2978 3555 729 2354 1674 2806 835 1939 1703 3030 2557 4122 3723 2035 2825 2355 3786 2984 1044 2454 1123 3015 1875 3281 3612 2077 3309 3010 3168 3268 2116 1451 571 2447 3807 599 3341 2885 3417 3461 869 3367 666 1041 3727 1980 3426 480 3435 2756 549 1824 936 3015 3345 1907 1285 601 1317 1712 3460 465 2188 3719 2585 1465 
793 4126 0 3992 2203 3503 932 1838 2789 2233 4137 1130 3108 1149 1822 740 1633 3612 3236 1838 874 2693 1648 3766 1693 530 3572 1722 3927 2610 2451 1187 2345 3630 1312 1465 3752 2202 2905 1429 3403 2263 3097 1219 1665 77 408 2229 1749 2134 785 1197 3788 1747 3246 1727 2299 1317 1322 2378 963 1537 1278 1495 2010 2686 3726 2111 582 3683 953 1481 743 851 3298 1064 3963 3892 596 2228 980 3671 735 1612 3922 3056 3417 1268 1036 2327 3117 3530 2935 3339 1408 3978 1998 1086 1657 3924 
3349 146 3992 0 1842 697 3277 2168 1315 1945 147 3222 884 2910 2921 3303 2597 1632 1582 2901 3351 1765 3135 1594 2350 3689 583 3370 1485 1438 1546 3277 1986 781 2857 3450 609 2208 1531 2683 749 1796 1566 2889 2435 3987 3590 1890 2719 2254 3665 2845 939 2331 979 2913 1754 3168 3504 1980 3168 2900 3051 3161 1982 1312 528 2301 3681 460 3199 2741 3280 3337 760 3248 578 946 3587 1862 3283 381 3306 2641 450 1687 871 2893 3203 1763 1141 481 1171 1584 3353 376 2066 3605 2464 1373 
1684 1984 2203 1842 0 1300 1662 381 958 940 1981 1697 984 1077 1766 1483 1221 1604 1216 1755 1728 722 1883 1734 823 1854 1544 2153 1850 411 503 1792 511 1430 1324 2106 1549 640 822 1148 1414 68 1062 1048 974 2187 1819 181 1488 1260 2052 1017 1605 881 1045 1695 679 1735 2094 1195 1329 1552 1570 1825 391 548 1702 677 2002 1489 1359 910 1467 1697 1263 1694 1759 1710 1752 768 1441 1575 1587 1266 1722 1081 1505 1342 1361 157 928 1422 732 1322 1982 1781 741 2099 1022 1818 
2939 838 3503 697 1300 0 2892 1667 1157 1709 798 2880 590 2374 2721 2783 2293 1027 900 2704 2964 1080 2906 1035 1970 3146 851 3164 997 893 1168 2954 1334 217 2500 3193 253 1553 839 2318 897 1242 871 2335 2087 3487 3115 1301 2479 2066 3287 2316 471 1979 296 2688 1448 2865 3220 1835 2617 2622 2723 2899 1543 863 933 1650 3267 239 2644 2150 2767 2941 771 2893 462 552 3043 1577 2710 688 2865 2340 426 992 1073 2529 2630 1187 458 592 569 918 3082 496 1732 3279 2125 900 
146 3400 932 3277 1662 2892 0 1284 1996 1389 3424 220 2409 935 903 789 738 3240 2849 918 75 2312 765 3380 930 1051 2796 918 3508 2022 1746 318 1986 3055 429 703 3145 1925 2469 594 2618 1730 2697 1051 844 974 593 1757 817 1227 395 922 3253 946 2677 803 1525 415 601 1490 988 605 345 609 1351 2032 2942 1862 424 3035 1015 1322 735 81 2539 153 3352 3357 1010 1426 1152 2926 308 708 3287 2691 2604 388 1142 1813 2579 2799 2354 2956 597 3328 1211 481 820 3480 
1303 2306 1838 2168 381 1667 1284 0 1107 846 2311 1332 1288 746 1483 1135 917 1963 1572 1475 1349 1049 1570 2099 515 1524 1808 1837 2223 774 675 1431 757 1807 968 1765 1919 784 1186 800 1656 448 1419 744 670 1827 1447 479 1204 1085 1672 679 1986 598 1422 1400 681 1386 1741 1108 1013 1231 1216 1495 266 855 1966 771 1621 1844 1047 695 1113 1318 1524 1325 2129 2091 1422 707 1152 1871 1207 958 2084 1424 1717 981 1074 529 1308 1722 1104 1679 1638 2139 568 1730 718 2195 
2084 1424 2789 1315 958 1157 1996 1107 0 630 1460 1921 566 1824 1616 2168 1290 1994 1687 1596 2071 1428 1823 2065 1097 2575 800 2065 2091 779 458 1969 1397 1370 1568 2135 1374 1576 1350 1404 622 961 1561 1842 1153 2796 2381 1113 1405 948 2375 1751 1621 1056 1104 1601 490 1856 2189 689 2095 1585 1746 1846 851 557 946 1628 2412 1195 2132 1796 2133 2062 555 1952 1547 1708 2477 570 2249 944 2069 1333 1444 1647 630 1607 2173 1000 1126 836 887 1766 2038 1457 794 2296 1176 2011 
1489 2055 2233 1945 940 1709 1389 846 630 0 2090 1297 1140 1409 1012 1685 665 2386 2027 995 1463 1622 1206 2486 567 2092 1424 1457 2551 1034 597 1341 1452 1909 959 1510 1947 1560 1641 809 1243 984 1881 1461 568 2250 1828 1121 781 367 1757 1336 2148 492 1582 985 294 1226 1559 263 1670 955 1120 1218 603 903 1562 1574 1811 1789 1710 1508 1642 1459 1186 1332 2135 2244 2002 174 1846 1575 1499 705 2043 1935 1216 1001 1779 1064 1550 1465 1292 2124 1409 2065 296 1666 578 2489 
3496 84 4137 147 1981 798 3424 2311 1460 2090 0 3369 1029 3051 3063 3447 2744 1678 1660 3043 3499 1876 3278 1627 2497 3831 712 3511 1503 1575 1692 3424 2109 851 3004 3594 669 2331 1637 2830 885 1934 1655 3029 2582 4132 3736 2024 2863 2397 3812 2987 975 2478 1088 3056 1901 3314 3649 2122 3309 3045 3198 3306 2128 1455 637 2425 3828 558 3340 2877 3424 3484 905 3395 591 966 3728 2009 3422 520 3452 2788 480 1776 995 3040 3341 1899 1252 627 1299 1654 3498 393 2213 3751 2611 1390 
365 3340 1130 3222 1697 2880 220 1332 1921 1297 3369 0 2370 1097 692 997 632 3296 2905 707 259 2378 544 3430 911 1271 2719 706 3548 2032 1717 116 2065 3053 380 511 3131 2026 2517 562 2539 1766 2751 1213 795 1178 811 1811 641 1087 468 1072 3261 902 2681 596 1469 195 435 1363 1182 419 178 388 1355 2016 2859 1971 580 3008 1212 1470 943 293 2472 68 3334 3364 1229 1359 1353 2861 525 592 3262 2755 2511 356 1337 1853 2594 2741 2359 3012 394 3298 1161 403 761 3513 
2474 1019 3108 884 984 590 2409 1288 566 1140 1029 2370 0 2034 2151 2423 1759 1489 1233 2133 2483 1134 2346 1540 1479 2812 585 2597 1545 609 666 2434 1242 804 1997 2644 812 1457 973 1819 504 948 1135 2020 1576 3103 2706 1065 1919 1489 2801 1967 1057 1469 577 2125 904 2335 2682 1248 2296 2079 2205 2351 1098 438 737 1537 2806 649 2329 1894 2398 2465 334 2391 995 1142 2710 1025 2420 590 2425 1805 904 1240 654 2031 2340 934 648 437 478 1295 2538 931 1209 2762 1609 1460 
869 3050 1149 2910 1077 2374 935 746 1824 1409 3051 1097 2034 0 1580 412 1081 2476 2094 1583 968 1549 1553 2627 857 779 2552 1777 2783 1489 1415 1213 1201 2490 890 1608 2620 1078 1756 838 2397 1132 1953 116 934 1124 803 1084 1351 1492 1236 73 2641 953 2108 1474 1354 1245 1526 1636 270 1248 1083 1421 976 1598 2710 996 1104 2567 308 394 407 921 2269 1052 2830 2745 677 1330 437 2617 699 1096 2798 1918 2447 868 370 1188 1974 2469 1805 2199 1487 2859 1118 1413 961 2777 
1050 3019 1822 2921 1766 2721 903 1483 1616 1012 3063 692 2151 1580 0 1612 568 3338 2961 22 951 2489 237 3452 968 1936 2366 449 3535 1990 1582 640 2234 2920 693 568 2959 2264 2565 760 2186 1828 2809 1684 813 1870 1497 1924 279 668 1099 1530 3155 891 2583 108 1282 505 672 941 1744 337 571 348 1375 1897 2486 2237 1257 2799 1780 1883 1556 982 2161 760 3147 3253 1881 1151 1930 2542 1184 532 3052 2842 2116 721 1896 1919 2536 2448 2280 3063 516 3070 1048 871 765 3479 
671 3442 740 3303 1483 2783 789 1135 2168 1685 3447 997 2423 412 1612 0 1216 2875 2497 1620 790 1953 1524 3028 1118 408 2922 1704 3188 1894 1785 1105 1605 2902 940 1492 3030 1468 2165 968 2761 1540 2358 480 1146 712 429 1496 1435 1690 977 466 3053 1198 2518 1504 1683 1181 1382 1882 252 1277 1052 1374 1340 1991 3080 1379 801 2972 261 751 56 741 2642 936 3240 3157 316 1637 371 3000 485 1214 3205 2319 2798 903 382 1599 2386 2854 2213 2600 1386 3265 1412 1215 1157 3184 
854 2712 1633 2597 1221 2293 738 917 1290 665 2744 632 1759 1081 568 1216 0 2816 2432 563 811 1941 662 2938 404 1596 2088 931 3035 1490 1125 680 1673 2478 321 907 2541 1696 2036 250 1907 1286 2278 1174 249 1662 1244 1371 295 500 1094 1022 2699 341 2118 482 854 575 927 752 1288 337 456 616 837 1437 2227 1669 1162 2405 1327 1342 1163 814 1844 668 2740 2800 1520 737 1478 2233 905 47 2659 2303 1880 366 1430 1377 2050 2116 1802 2537 791 2690 561 1007 200 2989 
3242 1746 3612 1632 1604 1027 3240 1963 1994 2386 1678 3296 1489 2476 3338 2875 2816 0 391 3325 3302 934 3476 159 2425 3153 1876 3746 356 1355 1789 3393 1277 863 2927 3710 1023 1410 781 2752 1905 1537 544 2394 2574 3575 3279 1485 3066 2751 3619 2442 705 2475 912 3278 2092 3340 3699 2585 2651 3151 3174 3427 1979 1496 1959 1504 3539 1208 2664 2132 2879 3266 1760 3288 1097 736 3057 2219 2674 1713 3116 2863 1198 557 2080 2943 2603 1447 867 1618 1115 284 3586 1286 2289 3694 2620 415 
2851 1714 3236 1582 1216 900 2849 1572 1687 2027 1660 2905 1233 2094 2961 2497 2432 391 0 2948 2910 546 3093 535 2038 2787 1704 3363 693 993 1434 3003 893 809 2536 3322 993 1042 396 2363 1698 1149 153 2016 2188 3201 2896 1093 2687 2388 3228 2058 768 2091 687 2898 1732 2950 3309 2238 2278 2766 2784 3040 1594 1158 1811 1140 3150 1124 2294 1761 2499 2875 1539 2896 1134 844 2690 1857 2311 1574 2727 2478 1198 185 1867 2552 2238 1058 585 1454 800 107 3198 1288 1913 3302 2235 703 
1064 2999 1838 2901 1755 2704 918 1475 1596 995 3043 707 2133 1583 22 1620 563 3325 2948 0 966 2478 259 3438 960 1948 2345 468 3520 1976 1566 658 2226 2903 698 591 2941 2257 2553 760 2165 1817 2796 1687 806 1886 1511 1915 271 648 1118 1533 3139 882 2567 117 1266 522 694 921 1750 344 583 369 1365 1881 2465 2232 1274 2781 1786 1883 1564 997 2141 775 3128 3236 1892 1135 1937 2522 1196 527 3033 2830 2094 727 1901 1908 2521 2428 2265 3051 537 3051 1035 892 758 3464 
120 3475 874 3351 1728 2964 75 1349 2071 1463 3499 259 2483 968 951 790 811 3302 2910 966 0 2371 798 3442 1004 1026 2871 933 3572 2092 1819 338 2043 3126 504 705 3217 1976 2532 669 2693 1796 2759 1084 919 920 555 1820 880 1297 324 960 3322 1021 2746 853 1600 452 591 1562 1002 664 405 642 1422 2104 3017 1911 351 3108 1027 1359 738 49 2614 191 3424 3426 991 1501 1158 3000 305 780 3360 2751 2679 463 1154 1879 2647 2873 2424 3017 607 3401 1286 444 895 3545 
2309 1910 2693 1765 722 1080 2312 1049 1428 1622 1876 2378 1134 1549 2489 1953 1941 934 546 2478 2371 0 2602 1081 1539 2255 1701 2872 1234 650 1067 2479 348 1099 2017 2812 1271 522 251 1848 1638 661 404 1473 1693 2661 2350 573 2210 1965 2687 1512 1171 1602 787 2417 1335 2435 2791 1860 1739 2268 2266 2538 1113 871 1839 623 2605 1319 1757 1225 1955 2335 1468 2366 1460 1268 2156 1447 1783 1635 2182 1985 1479 379 1783 2029 1708 572 624 1489 660 652 2686 1561 1458 2772 1740 1232 
909 3237 1648 3135 1883 2906 765 1570 1823 1206 3278 544 2346 1553 237 1524 662 3476 3093 259 798 2602 0 3596 1063 1816 2587 269 3688 2141 1751 464 2328 3100 673 331 3148 2336 2697 791 2406 1948 2940 1664 909 1702 1353 2031 427 881 896 1513 3330 1003 2754 222 1458 350 436 1162 1685 339 477 156 1499 2067 2710 2300 1071 2995 1718 1889 1469 837 2374 612 3340 3430 1771 1329 1865 2758 1066 617 3249 2965 2341 688 1840 2039 2696 2659 2444 3198 283 3271 1198 647 862 3638 
3384 1698 3766 1594 1734 1035 3380 2099 2065 2486 1627 3430 1540 2627 3452 3028 2938 159 535 3438 3442 1081 3596 0 2551 3310 1885 3865 204 1462 1889 3526 1427 850 3058 3836 993 1565 912 2882 1929 1666 683 2547 2697 3730 3430 1622 3182 2852 3761 2592 655 2597 965 3395 2193 3469 3828 2676 2806 3274 3304 3551 2102 1588 1956 1661 3684 1192 2820 2287 3032 3407 1792 3424 1037 664 3214 2322 2831 1710 3261 2985 1149 709 2105 3076 2760 1577 946 1627 1201 429 3713 1234 2403 3829 2743 284 
999 2476 1693 2350 823 1970 930 515 1097 567 2497 911 1479 857 968 1118 404 2425 2038 960 1004 1539 1063 2551 0 1525 1889 1332 2657 1124 815 992 1268 2142 530 1284 2222 1297 1644 348 1716 890 1885 923 155 1703 1285 967 689 650 1323 786 2351 102 1770 886 610 920 1281 779 1110 729 763 1002 451 1107 2040 1276 1331 2106 1150 1026 1075 987 1623 922 2427 2454 1434 534 1291 2005 971 447 2359 1904 1724 559 1228 980 1688 1874 1449 2144 1161 2398 305 1313 203 2616 
909 3829 530 3689 1854 3146 1051 1524 2575 2092 3831 1271 2812 779 1936 408 1596 3153 2787 1948 1026 2255 1816 3310 1525 0 3323 1958 3480 2265 2185 1364 1910 3252 1300 1721 3389 1745 2482 1354 3164 1907 2657 810 1546 467 489 1847 1790 2082 1101 845 3389 1603 2873 1831 2091 1466 1592 2284 529 1611 1365 1660 1741 2377 3481 1649 888 3343 504 1030 450 983 3041 1204 3598 3492 102 2046 480 3395 753 1589 3571 2604 3204 1259 550 1958 2733 3247 2577 2887 1632 3634 1820 1386 1554 3486 
2882 658 3572 583 1544 851 2796 1808 800 1424 712 2719 585 2552 2366 2922 2088 1876 1704 2345 2871 1701 2587 1885 1889 3323 0 2812 1831 1191 1138 2765 1827 1041 2369 2908 938 2043 1514 2203 181 1516 1635 2551 1953 3575 3165 1642 2180 1706 3175 2482 1275 1854 1017 2366 1279 2648 2971 1425 2820 2372 2544 2624 1582 998 158 2122 3212 719 2855 2451 2892 2862 283 2752 1025 1325 3222 1370 2958 218 2860 2129 892 1751 290 2408 2878 1511 1143 258 1041 1742 2817 860 1590 3089 1976 1727 
1052 3467 1722 3370 2153 3164 918 1837 2065 1457 3511 706 2597 1777 449 1704 931 3746 3363 468 933 2872 269 3865 1332 1958 2812 0 3956 2408 2014 600 2595 3360 917 260 3404 2598 2967 1051 2633 2218 3210 1891 1179 1784 1477 2300 689 1117 939 1742 3592 1272 3017 476 1718 533 405 1389 1885 605 695 359 1768 2330 2930 2559 1141 3246 1916 2127 1649 978 2610 768 3593 3691 1924 1588 2059 2990 1226 886 3499 3235 2559 926 2041 2309 2962 2897 2709 3467 326 3518 1465 647 1131 3905 
3519 1578 3927 1485 1850 997 3508 2223 2091 2551 1503 3548 1545 2783 3535 3188 3035 356 693 3520 3572 1234 3688 204 2657 3480 1831 3956 0 1547 1958 3641 1583 791 3173 3939 906 1735 1041 2994 1893 1782 830 2708 2800 3894 3584 1753 3269 2919 3893 2745 560 2697 987 3482 2262 3578 3938 2726 2971 3372 3416 3651 2206 1648 1887 1832 3825 1118 2987 2454 3190 3539 1768 3545 912 539 3383 2393 3003 1642 3403 3082 1035 876 2069 3193 2931 1696 1001 1576 1259 593 3818 1114 2491 3950 2844 113 
2059 1582 2610 1438 411 893 2022 774 779 1034 1575 2032 609 1489 1990 1894 1490 1355 993 1976 2092 650 2141 1462 1124 2265 1191 2408 1547 0 442 2116 653 1037 1651 2396 1144 859 612 1470 1084 359 848 1458 1259 2595 2221 458 1722 1396 2416 1428 1231 1155 655 1935 739 2043 2403 1248 1739 1827 1888 2106 676 228 1345 933 2384 1078 1769 1303 1876 2065 921 2037 1354 1335 2163 865 1847 1192 1976 1537 1312 910 1204 1676 1766 328 563 1038 333 1089 2277 1371 943 2435 1303 1498 
1808 1677 2451 1546 503 1168 1746 675 458 597 1692 1717 666 1415 1582 1785 1125 1789 1434 1566 1819 1067 1751 1889 815 2185 1138 2014 1958 442 0 1788 971 1353 1340 2028 1417 1133 1054 1160 982 513 1291 1419 922 2450 2047 667 1325 963 2139 1345 1579 814 1002 1537 304 1697 2052 805 1684 1457 1557 1734 445 315 1296 1179 2140 1292 1720 1349 1756 1801 856 1734 1618 1679 2084 434 1827 1219 1760 1172 1545 1352 1043 1372 1749 565 956 1078 699 1529 1915 1583 564 2114 958 1899 
455 3392 1187 3277 1792 2954 318 1431 1969 1341 3424 116 2434 1213 640 1105 680 3393 3003 658 338 2479 464 3526 992 1364 2765 600 3641 2116 1788 0 2170 3131 467 396 3205 2135 2613 647 2584 1860 2849 1329 867 1239 892 1910 638 1104 468 1188 3343 974 2762 554 1531 140 321 1386 1295 415 230 308 1441 2092 2902 2082 616 3076 1324 1586 1051 381 2524 169 3406 3446 1326 1416 1464 2913 626 636 3331 2855 2548 450 1450 1948 2680 2796 2441 3109 281 3364 1227 328 829 3604 
1975 2133 2345 1986 511 1334 1986 757 1397 1452 2109 2065 1242 1201 2234 1605 1673 1277 893 2226 2043 348 2328 1427 1268 1910 1827 2595 1583 653 971 2170 0 1391 1714 2517 1551 222 573 1553 1733 472 752 1125 1424 2313 2003 330 1955 1767 2354 1165 1493 1343 1039 2155 1187 2136 2486 1707 1392 1989 1963 2251 883 877 1977 316 2265 1563 1410 880 1607 2004 1567 2048 1750 1593 1811 1280 1442 1800 1842 1715 1752 719 1857 1723 1365 406 880 1647 819 998 2390 1828 1241 2453 1472 1580 
3095 907 3630 781 1430 217 3055 1807 1370 1909 851 3053 804 2490 2920 2902 2478 863 809 2903 3126 1099 3100 850 2142 3252 1041 3360 791 1037 1353 3131 1391 0 2672 3382 184 1602 848 2490 1103 1368 818 2443 2265 3611 3249 1407 2673 2270 3450 2436 254 2157 384 2884 1642 3046 3404 2044 2724 2810 2901 3088 1704 1041 1106 1702 3421 345 2748 2240 2890 3100 984 3063 360 338 3150 1771 2804 860 3012 2525 393 936 1278 2700 2725 1303 520 784 704 804 3268 481 1917 3454 2304 691 
535 2978 1312 2857 1324 2500 429 968 1568 959 3004 380 1997 890 693 940 321 2927 2536 698 504 2017 673 3058 530 1300 2369 917 3173 1651 1340 467 1714 2672 0 804 2752 1695 2146 182 2190 1392 2383 997 422 1341 926 1446 495 821 808 844 2880 527 2300 585 1103 421 773 1071 1053 358 249 558 975 1637 2513 1650 851 2632 1090 1216 885 500 2114 394 2956 2984 1231 1000 1241 2502 586 300 2885 2391 2175 44 1204 1481 2214 2377 1978 2643 676 2923 791 783 393 3136 
826 3555 1465 3450 2106 3193 703 1765 2135 1510 3594 511 2644 1608 568 1492 907 3710 3322 591 705 2812 331 3836 1284 1721 2908 260 3939 2396 2028 396 2517 3382 804 0 3439 2499 2928 964 2727 2173 3168 1724 1139 1528 1235 2239 730 1202 680 1581 3605 1242 3025 544 1746 383 145 1486 1689 572 558 294 1734 2342 3034 2452 886 3293 1718 1976 1439 753 2689 563 3634 3706 1693 1620 1855 3075 1008 859 3548 3183 2667 800 1844 2263 2957 2972 2710 3428 127 3573 1466 387 1094 3894 
3193 729 3752 609 1549 253 3145 1919 1374 1947 669 3131 812 2620 2959 3030 2541 1023 993 2941 3217 1271 3148 993 2222 3389 938 3404 906 1144 1417 3205 1551 184 2752 3439 0 1765 1022 2570 1026 1490 1001 2578 2338 3736 3366 1542 2721 2300 3540 2563 346 2230 518 2929 1693 3114 3468 2060 2860 2869 2974 3144 1796 1115 982 1865 3520 218 2886 2386 3015 3194 929 3145 210 387 3286 1820 2948 739 3117 2588 210 1120 1196 2781 2868 1431 671 692 817 985 3328 297 1981 3530 2375 798 
1898 2354 2202 2208 640 1553 1925 784 1576 1560 2331 2026 1457 1078 2264 1468 1696 1410 1042 2257 1976 522 2336 1565 1297 1745 2043 2598 1735 859 1133 2135 222 1602 1695 2499 1765 0 767 1547 1943 620 914 989 1451 2165 1880 466 1986 1849 2278 1054 1691 1383 1257 2177 1316 2115 2455 1821 1240 1996 1941 2246 965 1077 2194 101 2171 1783 1254 721 1476 1935 1779 2002 1962 1788 1649 1394 1269 2021 1752 1735 1968 859 2062 1698 1196 576 1097 1867 1041 1142 2371 2046 1321 2401 1498 1742 
2478 1674 2905 1531 822 839 2469 1186 1350 1641 1637 2517 973 1756 2565 2165 2036 781 396 2553 2532 251 2697 912 1644 2482 1514 2967 1041 612 1054 2613 573 848 2146 2928 1022 767 0 1971 1471 755 243 1688 1793 2876 2550 712 2291 1999 2852 1713 923 1695 551 2502 1347 2558 2917 1860 1960 2370 2393 2645 1199 800 1644 868 2784 1079 1980 1452 2163 2498 1303 2511 1208 1022 2382 1469 2015 1428 2362 2082 1230 299 1627 2163 1938 666 392 1288 497 500 2804 1313 1518 2916 1839 1024 
681 2806 1429 2683 1148 2318 594 800 1404 809 2830 562 1819 838 760 968 250 2752 2363 760 669 1848 791 2882 348 1354 2203 1051 2994 1470 1160 647 1553 2490 182 964 2570 1547 1971 0 2026 1216 2209 935 250 1451 1030 1275 514 728 982 782 2698 352 2118 660 930 588 946 951 1039 454 422 699 794 1455 2350 1508 1008 2452 1078 1122 916 658 1945 574 2774 2802 1276 833 1229 2331 694 258 2705 2220 2018 212 1181 1305 2033 2204 1796 2469 838 2743 617 965 231 2956 
2706 835 3403 749 1414 897 2618 1656 622 1243 885 2539 504 2397 2186 2761 1907 1905 1698 2165 2693 1638 2406 1929 1716 3164 181 2633 1893 1084 982 2584 1733 1103 2190 2727 1026 1943 1471 2026 0 1391 1615 2401 1775 3407 2995 1524 1999 1525 2996 2327 1349 1678 1013 2185 1106 2467 2789 1244 2667 2191 2363 2443 1423 876 324 2017 3035 809 2702 2314 2730 2684 169 2572 1140 1409 3064 1193 2809 370 2687 1949 1012 1727 176 2230 2730 1394 1120 338 981 1747 2635 992 1415 2908 1798 1794 
1752 1939 2263 1796 68 1242 1730 448 961 984 1934 1766 948 1132 1828 1540 1286 1537 1149 1817 1796 661 1948 1666 890 1907 1516 2218 1782 359 513 1860 472 1368 1392 2173 1490 620 755 1216 1391 0 995 1099 1040 2246 1881 153 1550 1312 2119 1074 1540 946 983 1759 715 1803 2162 1236 1380 1618 1638 1892 452 517 1673 667 2069 1435 1409 948 1525 1765 1237 1763 1700 1645 1805 811 1487 1538 1653 1332 1665 1016 1488 1411 1407 90 863 1384 673 1254 2049 1726 797 2167 1087 1750 
2701 1703 3097 1566 1062 871 2697 1419 1561 1881 1655 2751 1135 1953 2809 2358 2278 544 153 2796 2759 404 2940 683 1885 2657 1635 3210 830 848 1291 2849 752 818 2383 3168 1001 914 243 2209 1615 995 0 1878 2034 3065 2753 941 2534 2240 3077 1915 824 1937 622 2745 1586 2797 3155 2096 2143 2612 2630 2887 1441 1023 1752 1014 3001 1106 2160 1627 2359 2724 1452 2744 1162 911 2558 1710 2183 1521 2578 2324 1211 121 1780 2399 2108 905 495 1393 681 260 3044 1299 1762 3149 2081 829 
983 3030 1219 2889 1048 2335 1051 744 1842 1461 3029 1213 2020 116 1684 480 1174 2394 2016 1687 1084 1473 1664 2547 923 810 2551 1891 2708 1458 1419 1329 1125 2443 997 1724 2578 989 1688 935 2401 1099 1878 0 1013 1188 892 1036 1450 1567 1348 154 2584 1022 2062 1579 1383 1359 1642 1696 282 1355 1196 1534 990 1582 2710 903 1210 2534 310 285 486 1036 2268 1169 2787 2688 708 1370 408 2607 811 1191 2760 1838 2459 977 331 1147 1924 2457 1766 2120 1602 2823 1166 1528 1042 2705 
931 2557 1665 2435 974 2087 844 670 1153 568 2582 795 1576 934 813 1146 249 2574 2188 806 919 1693 909 2697 155 1546 1953 1179 2800 1259 922 867 1424 2265 422 1139 2338 1451 1793 250 1775 1040 2034 1013 0 1682 1261 1122 534 558 1229 867 2479 107 1898 731 681 784 1144 737 1171 577 636 853 595 1225 2099 1428 1259 2213 1211 1145 1098 908 1695 815 2540 2582 1461 582 1357 2081 932 292 2467 2056 1769 458 1300 1131 1822 1956 1579 2293 1018 2503 368 1192 48 2756 
832 4122 77 3987 2187 3487 974 1827 2796 2250 4132 1178 3103 1124 1870 712 1662 3575 3201 1886 920 2661 1702 3730 1703 467 3575 1784 3894 2595 2450 1239 2313 3611 1341 1528 3736 2165 2876 1451 3407 2246 3065 1188 1682 0 421 2207 1788 2162 850 1175 3765 1761 3227 1774 2306 1367 1386 2401 924 1579 1320 1548 2006 2678 3730 2072 642 3671 912 1443 721 893 3300 1111 3946 3869 540 2238 929 3669 758 1642 3908 3021 3426 1297 988 2307 3096 3527 2919 3304 1467 3965 2009 1152 1677 3893 
447 3723 408 3590 1819 3115 593 1447 2381 1828 3736 811 2706 803 1497 429 1244 3279 2896 1511 555 2350 1353 3430 1285 489 3165 1477 3584 2221 2047 892 2003 3249 926 1235 3366 1880 2550 1030 2995 1881 2753 892 1261 421 0 1859 1388 1745 615 838 3416 1341 2864 1395 1891 1006 1104 1981 681 1188 931 1197 1607 2288 3318 1795 409 3290 686 1173 408 517 2892 742 3576 3521 480 1820 769 3265 339 1227 3531 2721 3009 882 799 1949 2741 3126 2550 3001 1151 3585 1591 896 1255 3574 
1766 2035 2229 1890 181 1301 1757 479 1113 1121 2024 1811 1065 1084 1924 1496 1371 1485 1093 1915 1820 573 2031 1622 967 1847 1642 2300 1753 458 667 1910 330 1407 1446 2239 1542 466 712 1275 1524 153 941 1036 1122 2207 1859 0 1645 1437 2140 1032 1558 1034 1026 1850 860 1863 2220 1377 1318 1696 1694 1965 557 647 1798 515 2074 1508 1344 854 1486 1786 1366 1802 1751 1663 1744 950 1409 1651 1654 1414 1727 945 1628 1460 1328 131 889 1496 736 1201 2114 1793 914 2208 1170 1730 
956 2825 1749 2719 1488 2479 817 1204 1405 781 2863 641 1919 1351 279 1435 295 3066 2687 271 880 2210 427 3182 689 1790 2180 689 3269 1722 1325 638 1955 2673 495 730 2721 1986 2291 514 1999 1550 2534 1450 534 1788 1388 1645 0 480 1102 1296 2904 611 2328 213 1031 501 792 766 1538 223 474 444 1097 1641 2309 1962 1220 2569 1576 1631 1380 899 1958 700 2913 3003 1724 902 1728 2345 1055 264 2823 2565 1946 533 1686 1641 2274 2241 2020 2790 637 2846 778 937 487 3216 
1350 2355 2134 2254 1260 2066 1227 1085 948 367 2397 1087 1489 1492 668 1690 500 2751 2388 648 1297 1965 881 2852 650 2082 1706 1117 2919 1396 963 1104 1767 2270 821 1202 2300 1849 1999 728 1525 1312 2240 1567 558 2162 1745 1437 480 0 1556 1424 2511 548 1948 660 659 973 1272 286 1729 691 909 922 887 1270 1831 1850 1648 2134 1769 1674 1640 1305 1494 1136 2484 2606 2001 531 1916 1877 1405 522 2387 2290 1466 866 1858 1397 1917 1780 1659 2486 1115 2403 528 1414 537 2856 
379 3786 785 3665 2052 3287 395 1672 2375 1757 3812 468 2801 1236 1099 977 1094 3619 3228 1118 324 2687 896 3761 1323 1101 3175 939 3893 2416 2139 468 2354 3450 808 680 3540 2278 2852 982 2996 2119 3077 1348 1229 850 615 2140 1102 1556 0 1240 3646 1334 3071 1019 1911 608 537 1832 1217 878 647 753 1746 2427 3318 2208 216 3429 1234 1631 934 354 2922 425 3747 3751 1096 1808 1346 3310 537 1057 3681 3067 2974 771 1359 2202 2972 3186 2748 3335 634 3722 1598 301 1202 3867 
866 2984 1197 2845 1017 2316 922 679 1751 1336 2987 1072 1967 73 1530 466 1022 2442 2058 1533 960 1512 1513 2592 786 845 2482 1742 2745 1428 1345 1188 1165 2436 844 1581 2563 1054 1713 782 2327 1074 1915 154 867 1175 838 1032 1296 1424 1240 0 2590 883 2052 1425 1280 1213 1505 1564 343 1202 1047 1385 904 1532 2640 976 1118 2507 381 400 454 914 2200 1031 2773 2695 743 1256 510 2550 705 1038 2739 1884 2375 825 442 1133 1921 2401 1747 2163 1458 2799 1044 1402 895 2736 
3285 1044 3788 939 1605 471 3253 1986 1621 2148 975 3261 1057 2641 3155 3053 2699 705 768 3139 3322 1171 3330 655 2351 3389 1275 3592 560 1231 1579 3343 1493 254 2880 3605 346 1691 923 2698 1349 1540 824 2584 2479 3765 3416 1558 2904 2511 3646 2590 0 2373 581 3116 1874 3263 3622 2290 2862 3033 3113 3312 1906 1264 1327 1792 3607 559 2885 2365 3045 3294 1235 3268 392 105 3288 2004 2929 1083 3193 2746 495 929 1523 2906 2851 1467 677 1023 902 729 3490 581 2139 3664 2521 452 
1027 2454 1747 2331 881 1979 946 598 1056 492 2478 902 1469 953 891 1198 341 2475 2091 882 1021 1602 1003 2597 102 1603 1854 1272 2697 1155 814 974 1343 2157 527 1242 2230 1383 1695 352 1678 946 1937 1022 107 1761 1341 1034 611 548 1334 883 2373 0 1792 815 578 890 1250 688 1201 676 744 953 496 1117 2002 1365 1357 2105 1242 1128 1152 1008 1593 921 2432 2475 1514 486 1385 1979 1017 387 2359 1962 1676 562 1323 1036 1717 1852 1473 2195 1122 2396 265 1300 148 2652 
2714 1123 3246 979 1045 296 2677 1422 1104 1582 1088 2681 577 2108 2583 2518 2118 912 687 2567 2746 787 2754 965 1770 2873 1017 3017 987 655 1002 2762 1039 384 2300 3025 518 1257 551 2118 1013 983 622 2062 1898 3227 2864 1026 2328 1948 3071 2052 581 1792 0 2540 1301 2682 3041 1743 2344 2453 2532 2732 1327 687 1129 1355 3038 531 2369 1867 2506 2720 858 2689 725 683 2770 1432 2429 899 2628 2166 713 742 1185 2326 2350 919 163 770 322 733 2909 789 1559 3083 1940 913 
949 3015 1727 2913 1695 2688 803 1400 1601 985 3056 596 2125 1474 108 1504 482 3278 2898 117 853 2417 222 3395 886 1831 2366 476 3482 1935 1537 554 2155 2884 585 544 2929 2177 2502 660 2185 1759 2745 1579 731 1774 1395 1850 213 660 1019 1425 3116 815 2540 0 1242 415 629 942 1636 229 466 285 1306 1853 2490 2148 1168 2774 1672 1782 1448 883 2152 663 3120 3214 1775 1112 1822 2536 1080 442 3028 2775 2123 613 1788 1849 2487 2437 2233 3001 470 3050 992 809 682 3430 
1604 1875 2299 1754 679 1448 1525 681 490 294 1901 1469 904 1354 1282 1683 854 2092 1732 1266 1600 1335 1458 2193 610 2091 1279 1718 2262 739 304 1531 1187 1642 1103 1746 1693 1316 1347 930 1106 715 1586 1383 681 2306 1891 860 1031 659 1911 1280 1874 578 1301 1242 0 1430 1779 525 1623 1177 1302 1451 414 616 1430 1342 1935 1550 1662 1375 1646 1587 1015 1494 1888 1972 1994 131 1786 1400 1581 900 1805 1642 1120 1139 1712 789 1261 1274 1003 1829 1636 1835 313 1859 710 2202 
560 3281 1317 3168 1735 2865 415 1386 1856 1226 3314 195 2335 1245 505 1181 575 3340 2950 522 452 2435 350 3469 920 1466 2648 533 3578 2043 1697 140 2136 3046 421 383 3114 2115 2558 588 2467 1803 2797 1359 784 1367 1006 1863 501 973 608 1213 3263 890 2682 415 1430 0 360 1257 1353 282 174 195 1372 2005 2783 2068 753 2980 1385 1603 1126 488 2412 263 3314 3366 1421 1311 1529 2801 716 529 3235 2809 2426 417 1509 1892 2606 2687 2363 3057 256 3266 1133 442 742 3537 
711 3612 1322 3504 2094 3220 601 1741 2189 1559 3649 435 2682 1526 672 1382 927 3699 3309 694 591 2791 436 3828 1281 1592 2971 405 3938 2403 2052 321 2486 3404 773 145 3468 2455 2917 946 2789 2162 3155 1642 1144 1386 1104 2220 792 1272 537 1505 3622 1250 3041 629 1779 360 0 1558 1589 604 525 349 1733 2362 3101 2403 744 3329 1616 1903 1330 641 2744 473 3666 3724 1569 1657 1749 3132 896 880 3584 3165 2738 762 1742 2251 2966 3024 2723 3415 158 3613 1487 242 1101 3897 
1606 2077 2378 1980 1195 1835 1490 1108 689 263 2122 1363 1248 1636 941 1882 752 2585 2238 921 1562 1860 1162 2676 779 2284 1425 1389 2726 1248 805 1386 1707 2044 1071 1486 2060 1821 1860 951 1244 1236 2096 1696 737 2401 1981 1377 766 286 1832 1564 2290 688 1743 942 525 1257 1558 0 1889 975 1184 1208 866 1088 1548 1837 1913 1885 1929 1760 1835 1566 1223 1409 2237 2382 2197 427 2071 1601 1644 782 2134 2158 1181 1115 2007 1313 1731 1511 1474 2331 1401 2145 547 1699 732 2657 
887 3309 963 3168 1329 2617 988 1013 2095 1670 3309 1182 2296 270 1744 252 1288 2651 2278 1750 1002 1739 1685 2806 1110 529 2820 1885 2971 1739 1684 1295 1392 2724 1053 1689 2860 1240 1960 1039 2667 1380 2143 282 1171 924 681 1318 1538 1729 1217 343 2862 1201 2344 1636 1623 1353 1589 1889 0 1407 1207 1541 1247 1859 2979 1148 1049 2816 40 518 284 952 2537 1126 3068 2965 426 1597 190 2882 701 1296 3042 2097 2718 1022 155 1430 2204 2732 2048 2380 1576 3106 1381 1439 1191 2972 
748 3010 1537 2900 1552 2622 605 1231 1585 955 3045 419 2079 1248 337 1277 337 3151 2766 344 664 2268 339 3274 729 1611 2372 605 3372 1827 1457 415 1989 2810 358 572 2869 1996 2370 454 2191 1618 2612 1355 577 1579 1188 1696 223 691 878 1202 3033 676 2453 229 1177 282 604 975 1407 0 259 279 1172 1770 2505 1960 999 2727 1443 1565 1221 686 2141 479 3065 3134 1552 1053 1593 2529 863 289 2982 2634 2147 384 1559 1709 2387 2420 2138 2871 459 3009 894 724 531 3326 
488 3168 1278 3051 1570 2723 345 1216 1746 1120 3198 178 2205 1083 571 1052 456 3174 2784 583 405 2266 477 3304 763 1365 2544 695 3416 1888 1557 230 1963 2901 249 558 2974 1941 2393 422 2363 1638 2630 1196 636 1320 931 1694 474 909 647 1047 3113 744 2532 466 1302 174 525 1184 1207 259 0 338 1214 1861 2683 1893 747 2846 1240 1433 996 426 2299 228 3176 3216 1312 1189 1388 2688 613 415 3100 2640 2334 242 1362 1727 2451 2570 2212 2890 430 3134 996 557 598 3378 
753 3268 1495 3161 1825 2899 609 1495 1846 1218 3306 388 2351 1421 348 1374 616 3427 3040 369 642 2538 156 3551 1002 1660 2624 359 3651 2106 1734 308 2251 3088 558 294 3144 2246 2645 699 2443 1892 2887 1534 853 1548 1197 1965 444 922 753 1385 3312 953 2732 285 1451 195 349 1208 1541 279 338 0 1448 2048 2753 2205 921 3000 1574 1768 1319 680 2401 456 3340 3413 1616 1326 1720 2788 911 568 3254 2906 2389 566 1697 1982 2666 2682 2418 3146 193 3280 1172 525 807 3605 
1397 2116 2010 1982 391 1543 1351 266 851 603 2128 1355 1098 976 1375 1340 837 1979 1594 1365 1422 1113 1499 2102 451 1741 1582 1768 2206 676 445 1441 883 1704 975 1734 1796 965 1199 794 1423 452 1441 990 595 2006 1607 557 1097 887 1746 904 1906 496 1327 1306 414 1372 1733 866 1247 1172 1214 1448 0 688 1740 973 1726 1696 1283 962 1310 1398 1302 1361 2003 2010 1641 450 1398 1664 1331 883 1944 1468 1471 1000 1321 543 1238 1521 1005 1699 1612 1991 359 1758 641 2164 
2084 1451 2686 1312 548 863 2032 855 557 903 1455 2016 438 1598 1897 1991 1437 1496 1158 1881 2104 871 2067 1588 1107 2377 998 2330 1648 228 315 2092 877 1041 1637 2342 1115 1077 800 1455 876 517 1023 1582 1225 2678 2288 647 1641 1270 2427 1532 1264 1117 687 1853 616 2005 2362 1088 1859 1770 1861 2048 688 0 1155 1146 2414 1007 1891 1459 1968 2082 720 2029 1320 1364 2275 747 1982 1028 2020 1484 1256 1099 985 1666 1902 517 647 876 388 1246 2227 1302 876 2416 1264 1586 
3030 571 3726 528 1702 933 2942 1966 946 1562 637 2859 737 2710 2486 3080 2227 1959 1811 2465 3017 1839 2710 1956 2040 3481 158 2930 1887 1345 1296 2902 1977 1106 2513 3034 982 2194 1644 2350 324 1673 1752 2710 2099 3730 3318 1798 2309 1831 3318 2640 1327 2002 1129 2490 1430 2783 3101 1548 2979 2505 2683 2753 1740 1155 0 2274 3358 768 3014 2610 3049 3008 442 2893 1038 1365 3380 1517 3116 246 3011 2268 902 1870 373 2553 3037 1667 1265 359 1181 1843 2946 856 1739 3225 2121 1779 
1830 2447 2111 2301 677 1650 1862 771 1628 1574 2425 1971 1537 996 2237 1379 1669 1504 1140 2232 1911 623 2300 1661 1276 1649 2122 2559 1832 933 1179 2082 316 1702 1650 2452 1865 101 868 1508 2017 667 1014 903 1428 2072 1795 515 1962 1850 2208 976 1792 1365 1355 2148 1342 2068 2403 1837 1148 1960 1893 2205 973 1146 2274 0 2095 1879 1160 630 1389 1868 1855 1945 2062 1890 1553 1412 1171 2106 1678 1706 2067 956 2132 1651 1099 634 1195 1952 1132 1239 2324 2144 1324 2340 1474 1841 
332 3807 582 3681 2002 3267 424 1621 2412 1811 3828 580 2806 1104 1257 801 1162 3539 3150 1274 351 2605 1071 3684 1331 888 3212 1141 3825 2384 2140 616 2265 3421 851 886 3520 2171 2784 1008 3035 2069 3001 1210 1259 642 409 2074 1220 1648 216 1118 3607 1357 3038 1168 1935 753 744 1913 1049 999 747 921 1726 2414 3358 2095 0 3422 1062 1496 764 351 2951 520 3729 3712 889 1842 1163 3335 422 1131 3671 2983 3025 810 1183 2147 2929 3205 2717 3256 826 3716 1622 515 1238 3805 
3091 599 3683 460 1489 239 3035 1844 1195 1789 558 3008 649 2567 2799 2972 2405 1208 1124 2781 3108 1319 2995 1192 2106 3343 719 3246 1118 1078 1292 3076 1563 345 2632 3293 218 1783 1079 2452 809 1435 1106 2534 2213 3671 3290 1508 2569 2134 3429 2507 559 2105 531 2774 1550 2980 3329 1885 2816 2727 2846 3000 1696 1007 768 1879 3422 0 2844 2361 2954 3088 721 3026 352 606 3240 1673 2916 523 3027 2451 255 1227 979 2664 2836 1388 695 474 772 1133 3186 295 1849 3403 2248 1012 
911 3341 953 3199 1359 2644 1015 1047 2132 1710 3340 1212 2329 308 1780 261 1327 2664 2294 1786 1027 1757 1718 2820 1150 504 2855 1916 2987 1769 1720 1324 1410 2748 1090 1718 2886 1254 1980 1078 2702 1409 2160 310 1211 912 686 1344 1576 1769 1234 381 2885 1242 2369 1672 1662 1385 1616 1929 40 1443 1240 1574 1283 1891 3014 1160 1062 2844 0 533 300 977 2572 1156 3095 2988 402 1636 151 2915 724 1335 3070 2112 2755 1059 127 1457 2229 2765 2076 2395 1606 3134 1421 1462 1232 2989 
1263 2885 1481 2741 910 2150 1322 695 1796 1508 2877 1470 1894 394 1883 751 1342 2132 1761 1883 1359 1225 1889 2287 1026 1030 2451 2127 2454 1303 1349 1586 880 2240 1216 1976 2386 721 1452 1122 2314 948 1627 285 1145 1443 1173 854 1631 1674 1631 400 2365 1128 1867 1782 1375 1603 1903 1760 518 1565 1433 1768 962 1459 2610 630 1496 2361 533 0 764 1312 2169 1430 2592 2466 931 1389 564 2485 1094 1367 2576 1579 2390 1202 486 978 1720 2331 1589 1862 1852 2645 1213 1802 1182 2456 
620 3417 743 3280 1467 2767 735 1113 2133 1642 3424 943 2398 407 1556 56 1163 2879 2499 1564 738 1955 1469 3032 1075 450 2892 1649 3190 1876 1756 1051 1607 2890 885 1439 3015 1476 2163 916 2730 1525 2359 486 1098 721 408 1486 1380 1640 934 454 3045 1152 2506 1448 1646 1126 1330 1835 284 1221 996 1319 1310 1968 3049 1389 764 2954 300 764 0 689 2612 882 3225 3149 362 1598 420 2973 433 1161 3189 2322 2763 848 424 1586 2375 2828 2198 2604 1332 3247 1371 1167 1108 3184 
74 3461 851 3337 1697 2941 81 1318 2062 1459 3484 293 2465 921 982 741 814 3266 2875 997 49 2335 837 3407 987 983 2862 978 3539 2065 1801 381 2004 3100 500 753 3194 1935 2498 658 2684 1765 2724 1036 908 893 517 1786 899 1305 354 914 3294 1008 2720 883 1587 488 641 1566 952 686 426 680 1398 2082 3008 1868 351 3088 977 1312 689 0 2602 225 3401 3399 946 1491 1109 2988 255 785 3338 2714 2673 458 1104 1847 2619 2859 2398 2982 653 3381 1274 493 887 3513 
2620 869 3298 760 1263 771 2539 1524 555 1186 905 2472 334 2269 2161 2642 1844 1760 1539 2141 2614 1468 2374 1792 1623 3041 283 2610 1768 921 856 2524 1567 984 2114 2689 929 1779 1303 1945 169 1237 1452 2268 1695 3300 2892 1366 1958 1494 2922 2200 1235 1593 858 2152 1015 2412 2744 1223 2537 2141 2299 2401 1302 720 442 1855 2951 721 2572 2169 2612 2602 0 2502 1067 1304 2941 1114 2674 389 2591 1887 947 1562 328 2152 2595 1236 958 288 812 1592 2593 942 1328 2850 1720 1672 
296 3367 1064 3248 1694 2893 153 1325 1952 1332 3395 68 2391 1052 760 936 668 3288 2896 775 191 2366 612 3424 922 1204 2752 768 3545 2037 1734 169 2048 3063 394 563 3145 2002 2511 574 2572 1763 2744 1169 815 1111 742 1802 700 1136 425 1031 3268 921 2689 663 1494 263 473 1409 1126 479 228 456 1361 2029 2893 1945 520 3026 1156 1430 882 225 2502 0 3349 3372 1163 1387 1295 2890 459 631 3279 2744 2548 363 1282 1849 2598 2768 2366 3004 450 3317 1183 405 783 3512 
3401 666 3963 578 1759 462 3352 2129 1547 2135 591 3334 995 2830 3147 3240 2740 1097 1134 3128 3424 1460 3340 1037 2427 3598 1025 3593 912 1354 1618 3406 1750 360 2956 3634 210 1962 1208 2774 1140 1700 1162 2787 2540 3946 3576 1751 2913 2484 3747 2773 392 2432 725 3120 1888 3314 3666 2237 3068 3065 3176 3340 2003 1320 1038 2062 3729 352 3095 2592 3225 3401 1067 3349 0 375 3495 2014 3155 811 3327 2786 136 1277 1302 2986 3075 1641 873 802 1027 1108 3525 202 2181 3733 2577 799 
3390 1041 3892 946 1710 552 3357 2091 1708 2244 966 3364 1142 2745 3253 3157 2800 736 844 3236 3426 1268 3430 664 2454 3492 1325 3691 539 1335 1679 3446 1593 338 2984 3706 387 1788 1022 2802 1409 1645 911 2688 2582 3869 3521 1663 3003 2606 3751 2695 105 2475 683 3214 1972 3366 3724 2382 2965 3134 3216 3413 2010 1364 1365 1890 3712 606 2988 2466 3149 3399 1304 3372 375 0 3390 2103 3031 1125 3298 2848 496 1011 1582 3010 2953 1572 782 1078 1005 795 3591 576 2240 3767 2623 426 
872 3727 596 3587 1752 3043 1010 1422 2477 2002 3728 1229 2710 677 1881 316 1520 3057 2690 1892 991 2156 1771 3214 1434 102 3222 1924 3383 2163 2084 1326 1811 3150 1231 1693 3286 1649 2382 1276 3064 1805 2558 708 1461 540 480 1744 1724 2001 1096 743 3288 1514 2770 1775 1994 1421 1569 2197 426 1552 1312 1616 1641 2275 3380 1553 889 3240 402 931 362 946 2941 1163 3495 3390 0 1952 390 3293 705 1516 3468 2508 3105 1191 455 1855 2631 3145 2474 2791 1599 3531 1727 1372 1470 3388 
1513 1980 2228 1862 768 1577 1426 707 570 174 2009 1359 1025 1330 1151 1637 737 2219 1857 1135 1501 1447 1329 2322 534 2046 1370 1588 2393 865 434 1416 1280 1771 1000 1620 1820 1394 1469 833 1193 811 1710 1370 582 2238 1820 950 902 531 1808 1256 2004 486 1432 1112 131 1311 1657 427 1597 1053 1189 1326 450 747 1517 1412 1842 1673 1636 1389 1598 1491 1114 1387 2014 2103 1952 0 1766 1502 1502 782 1928 1762 1191 1038 1695 890 1391 1381 1134 1954 1512 1956 229 1744 606 2333 
1040 3426 980 3283 1441 2710 1152 1152 2249 1846 3422 1353 2420 437 1930 371 1478 2674 2311 1937 1158 1783 1865 2831 1291 480 2958 2059 3003 1847 1827 1464 1442 2804 1241 1855 2948 1269 2015 1229 2809 1487 2183 408 1357 929 769 1409 1728 1916 1346 510 2929 1385 2429 1822 1786 1529 1749 2071 190 1593 1388 1720 1398 1982 3116 1171 1163 2916 151 564 420 1109 2674 1295 3155 3031 390 1766 0 3009 853 1486 3136 2127 2867 1210 80 1528 2284 2858 2145 2410 1746 3202 1555 1587 1379 3011 
3004 480 3671 381 1575 688 2926 1871 944 1575 520 2861 590 2617 2542 3000 2233 1713 1574 2522 3000 1635 2758 1710 2005 3395 218 2990 1642 1192 1219 2913 1800 860 2502 3075 739 2021 1428 2331 370 1538 1521 2607 2081 3669 3265 1651 2345 1877 3310 2550 1083 1979 899 2536 1400 2801 3132 1601 2882 2529 2688 2788 1664 1028 246 2106 3335 523 2915 2485 2973 2988 389 2890 811 1125 3293 1502 3009 0 2970 2276 677 1641 506 2539 2929 1520 1042 154 987 1602 2980 642 1714 3239 2108 1535 
186 3435 735 3306 1587 2865 308 1207 2069 1499 3452 525 2425 699 1184 485 905 3116 2727 1196 305 2182 1066 3261 971 753 2860 1226 3403 1976 1760 626 1842 3012 586 1008 3117 1752 2362 694 2687 1653 2578 811 932 758 339 1654 1055 1405 537 705 3193 1017 2628 1080 1581 716 896 1644 701 863 613 911 1331 2020 3011 1678 422 3027 724 1094 433 255 2591 459 3327 3298 705 1502 853 2970 0 887 3273 2560 2693 542 851 1729 2515 2835 2308 2833 904 3322 1274 738 923 3384 
828 2756 1612 2641 1266 2340 708 958 1333 705 2788 592 1805 1096 532 1214 47 2863 2478 527 780 1985 617 2985 447 1589 2129 886 3082 1537 1172 636 1715 2525 300 859 2588 1735 2082 258 1949 1332 2324 1191 292 1642 1227 1414 264 522 1057 1038 2746 387 2166 442 900 529 880 782 1296 289 415 568 883 1484 2268 1706 1131 2451 1335 1367 1161 785 1887 631 2786 2848 1516 782 1486 2276 887 0 2706 2348 1919 345 1440 1422 2098 2160 1850 2583 743 2736 608 963 244 3036 
