0 31 309 1210 1150 150 181 598 696 299 331 488 1275 1227 472 763 845 818 715 624 579 610 660 746 846 870 773 690 641 716 757 786 849 1461 1428 1084 1146 1654 1631 1220 1356 1408 1423 1366 1317 1481 1426 1379 1357 1441 1487 1539 1598 1547 1504 1566 1608 1656 1673 2123 2114 1932 1972 2045 2382 2379 2130 2160 2228 2263 2182 2226 2253 2288 2326 2291 2265 2269 2296 2322 2356 2300 2340 2343 2418 2451 2743 2744 2627 2658 2693 2724 2756 3022 3026 2843 2874 2927 2956 3189 2992 3024 563 1141 1742 
31 0 302 1207 1147 119 150 587 687 268 300 464 1265 1216 442 742 827 797 690 595 548 579 632 721 824 847 747 661 611 686 726 755 820 1444 1409 1057 1121 1633 1609 1189 1328 1381 1395 1337 1286 1453 1397 1349 1326 1411 1457 1511 1569 1517 1473 1535 1578 1627 1642 2097 2088 1902 1942 2015 2355 2351 2099 2129 2198 2234 2151 2195 2223 2258 2296 2261 2234 2238 2265 2291 2326 2269 2309 2312 2387 2420 2715 2716 2596 2628 2662 2693 2725 2994 2998 2812 2843 2897 2926 3160 2961 2993 533 1111 1712 
309 302 0 906 845 309 317 292 388 372 392 307 966 920 440 511 576 571 511 499 545 574 537 549 605 634 580 569 603 639 693 728 716 1174 1147 888 931 1390 1374 1145 1185 1219 1252 1226 1222 1314 1289 1285 1290 1348 1351 1375 1437 1414 1411 1474 1477 1499 1600 1899 1898 1789 1815 1945 2173 2177 2053 2085 2094 2117 2114 2134 2137 2152 2191 2176 2173 2200 2204 2207 2222 2231 2270 2264 2349 2354 2552 2559 2501 2522 2631 2662 2661 2841 2851 2780 2811 2807 2826 3013 2928 2960 487 1023 1638 
1210 1207 906 0 70 1207 1209 654 555 1221 1227 947 307 344 1173 765 686 776 908 1068 1225 1237 1085 928 800 821 946 1100 1250 1210 1260 1290 1135 717 750 1043 989 1024 1056 1537 1298 1257 1341 1422 1544 1397 1475 1593 1662 1643 1528 1454 1511 1583 1693 1745 1638 1569 1900 1638 1671 1856 1830 2117 1945 1978 2282 2317 2146 2125 2361 2312 2242 2193 2230 2279 2347 2437 2376 2308 2260 2465 2494 2466 2570 2493 2355 2386 2540 2524 2851 2879 2781 2662 2693 2987 3016 2838 2824 2843 3124 3154 1141 1343 1844 
1150 1147 845 70 0 1144 1144 587 487 1154 1159 877 282 307 1104 694 616 707 837 997 1155 1167 1014 858 731 752 876 1029 1180 1139 1189 1220 1066 687 716 979 929 993 1023 1470 1239 1202 1284 1361 1479 1341 1415 1529 1597 1579 1469 1399 1457 1525 1631 1683 1580 1515 1838 1607 1638 1804 1782 2062 1914 1945 2225 2260 2097 2079 2303 2257 2191 2145 2182 2228 2293 2380 2321 2257 2212 2408 2437 2410 2514 2441 2323 2354 2494 2480 2795 2824 2731 2630 2661 2933 2961 2793 2781 2811 3071 3100 1070 1277 1786 
150 119 309 1207 1144 0 31 564 666 149 181 382 1236 1182 327 672 763 723 602 490 431 461 525 630 746 766 654 553 493 571 609 638 711 1383 1345 959 1029 1557 1529 1071 1222 1279 1289 1225 1170 1345 1285 1232 1208 1294 1344 1402 1460 1404 1356 1418 1464 1518 1523 2002 1991 1790 1832 1898 2255 2249 1980 2010 2083 2121 2032 2077 2106 2144 2181 2144 2116 2119 2147 2175 2211 2150 2190 2194 2268 2302 2610 2610 2481 2513 2543 2574 2607 2886 2889 2693 2724 2781 2811 3051 2842 2874 421 998 1595 
181 150 317 1209 1144 31 0 561 664 118 150 364 1229 1174 297 655 748 705 581 463 400 431 498 608 727 747 631 526 462 541 579 607 683 1369 1329 935 1005 1537 1508 1040 1194 1252 1261 1196 1139 1317 1255 1201 1177 1263 1315 1374 1431 1374 1325 1387 1435 1489 1492 1977 1966 1760 1803 1867 2229 2222 1949 1979 2054 2091 2001 2046 2076 2114 2152 2114 2085 2088 2116 2144 2181 2119 2159 2163 2237 2272 2583 2582 2451 2484 2512 2543 2576 2858 2860 2662 2693 2750 2781 3023 2811 2843 392 968 1565 
598 587 292 654 587 564 561 0 102 567 573 312 677 628 535 307 331 362 386 480 607 626 509 422 401 433 453 535 647 637 693 728 637 891 869 716 731 1124 1116 1086 1023 1036 1086 1094 1137 1149 1156 1197 1229 1258 1219 1212 1275 1282 1319 1380 1344 1338 1521 1665 1671 1637 1648 1829 1951 1962 1959 1993 1944 1954 2027 2024 2004 2000 2039 2043 2063 2112 2093 2074 2070 2142 2177 2165 2257 2235 2342 2356 2354 2364 2542 2572 2540 2639 2654 2689 2719 2661 2670 2815 2835 2866 526 926 1526 
696 687 388 555 487 666 664 102 0 667 672 398 578 532 625 316 308 363 426 548 688 705 573 459 401 433 487 596 723 702 757 791 679 815 799 716 717 1063 1060 1124 1021 1024 1081 1104 1165 1144 1166 1224 1264 1283 1227 1207 1270 1289 1342 1402 1351 1333 1547 1621 1632 1633 1638 1839 1913 1927 1977 2011 1939 1945 2047 2036 2006 1994 2033 2045 2074 2131 2104 2076 2064 2161 2195 2179 2274 2242 2309 2326 2349 2355 2560 2590 2545 2609 2627 2705 2735 2655 2662 2786 2850 2881 605 953 1540 
299 268 372 1221 1154 149 118 567 667 0 32 313 1212 1153 187 602 701 646 508 369 285 315 399 530 664 680 550 425 346 429 464 492 580 1317 1273 843 920 1467 1434 924 1092 1154 1158 1087 1024 1213 1145 1085 1060 1147 1204 1268 1325 1263 1209 1271 1322 1381 1375 1885 1871 1649 1694 1751 2130 2122 1832 1861 1940 1980 1883 1929 1961 2001 2038 1999 1968 1970 1999 2029 2068 2001 2041 2045 2119 2155 2479 2477 2336 2370 2394 2425 2459 2751 2752 2544 2575 2635 2666 2915 2693 2725 286 857 1449 
331 300 392 1227 1159 181 150 573 672 32 0 305 1210 1150 160 591 691 633 491 345 254 284 374 512 649 664 530 399 315 399 433 460 553 1304 1259 819 898 1449 1415 892 1064 1128 1131 1057 993 1185 1115 1054 1028 1116 1174 1240 1296 1233 1178 1240 1292 1353 1343 1861 1846 1619 1664 1719 2104 2095 1800 1829 1910 1950 1851 1898 1929 1970 2008 1967 1936 1938 1967 1998 2037 1969 2009 2013 2087 2123 2451 2448 2305 2339 2362 2393 2427 2723 2723 2512 2543 2604 2635 2886 2661 2693 260 827 1418 
488 464 307 947 877 382 364 312 398 313 305 0 906 845 227 292 388 341 227 197 296 316 234 260 364 385 288 265 339 348 404 440 409 1007 966 602 659 1174 1147 843 888 931 956 921 916 1016 984 979 987 1041 1046 1077 1138 1109 1104 1167 1171 1199 1295 1635 1629 1486 1515 1638 1899 1898 1747 1780 1789 1815 1809 1827 1831 1848 1887 1870 1866 1895 1897 1901 1918 1926 1964 1958 2043 2047 2267 2272 2196 2218 2326 2357 2354 2552 2559 2475 2506 2501 2522 2722 2623 2655 217 716 1331 
1275 1265 966 307 282 1236 1229 677 578 1212 1210 906 0 70 1120 654 555 641 795 974 1144 1149 980 804 652 662 812 987 1155 1093 1136 1161 981 410 445 824 752 717 750 1334 1043 989 1079 1177 1322 1131 1225 1365 1447 1409 1274 1184 1238 1324 1455 1502 1376 1293 1658 1331 1364 1571 1540 1844 1638 1671 2016 2051 1856 1830 2097 2036 1958 1900 1937 1993 2071 2170 2098 2022 1966 2197 2224 2192 2299 2210 2048 2079 2244 2225 2576 2603 2493 2355 2386 2709 2737 2540 2524 2536 2843 2872 1063 1135 1584 
1227 1216 920 344 307 1182 1174 628 532 1153 1150 845 70 0 1056 587 487 573 727 907 1078 1082 913 735 582 592 743 919 1087 1024 1066 1091 911 383 409 755 685 687 716 1264 979 929 1017 1112 1254 1070 1160 1297 1378 1342 1211 1124 1179 1262 1389 1436 1314 1235 1592 1300 1331 1517 1488 1786 1607 1638 1956 1991 1804 1782 2036 1979 1904 1850 1887 1940 2014 2110 2042 1969 1917 2137 2165 2134 2240 2155 2016 2047 2196 2179 2518 2546 2441 2323 2354 2653 2681 2494 2480 2504 2788 2817 997 1066 1522 
472 442 440 1173 1104 327 297 535 625 187 160 227 1120 1056 0 476 578 509 356 191 111 141 217 370 518 528 384 240 173 244 284 315 392 1176 1126 662 743 1303 1266 749 904 968 970 900 844 1025 958 906 889 969 1018 1081 1137 1077 1031 1094 1137 1194 1204 1702 1686 1463 1507 1573 1944 1935 1661 1692 1756 1794 1716 1755 1780 1817 1854 1818 1793 1803 1824 1849 1884 1834 1874 1875 1952 1979 2291 2289 2154 2186 2229 2260 2284 2564 2565 2379 2410 2454 2484 2728 2528 2560 100 671 1269 
763 742 511 765 694 672 655 307 316 602 591 292 654 587 476 0 102 60 144 320 491 495 328 163 97 128 183 339 502 448 496 525 378 715 673 409 429 891 869 812 716 731 779 790 849 842 852 907 951 966 914 905 968 977 1025 1085 1039 1031 1230 1387 1388 1330 1341 1526 1665 1671 1661 1695 1637 1648 1731 1722 1698 1693 1732 1737 1760 1814 1790 1768 1763 1844 1879 1864 1958 1930 2049 2060 2047 2057 2244 2274 2235 2342 2356 2389 2419 2354 2364 2517 2534 2566 410 637 1224 
845 827 576 686 616 763 748 331 308 701 691 388 555 487 578 102 0 91 240 420 591 595 425 251 116 141 263 433 600 540 585 613 449 620 583 413 409 814 798 864 715 716 774 806 888 837 866 943 997 999 927 900 963 988 1056 1114 1049 1025 1263 1335 1341 1325 1330 1539 1621 1631 1682 1717 1632 1637 1755 1735 1701 1686 1725 1740 1773 1837 1803 1770 1756 1866 1900 1881 1978 1939 2011 2025 2041 2047 2264 2293 2241 2308 2325 2408 2437 2348 2354 2485 2551 2582 512 678 1242 
818 797 571 776 707 723 705 362 363 646 633 341 641 573 509 60 91 0 158 340 512 512 341 162 39 71 173 346 515 451 496 522 359 671 626 354 370 836 812 780 661 673 724 741 809 787 802 866 915 924 864 850 913 926 982 1041 988 976 1188 1327 1328 1275 1285 1476 1605 1612 1614 1648 1582 1591 1685 1672 1645 1638 1677 1684 1710 1768 1741 1715 1708 1798 1832 1816 1911 1879 1989 2000 1992 2001 2197 2227 2183 2283 2297 2342 2372 2299 2308 2458 2486 2517 435 598 1176 
715 690 511 908 837 602 581 386 426 508 491 227 795 727 356 144 240 158 0 182 354 355 185 39 162 173 71 194 359 303 352 382 253 819 770 378 432 959 928 701 674 709 741 724 752 802 787 813 843 874 850 864 926 913 935 997 976 988 1136 1408 1402 1282 1304 1454 1672 1673 1578 1611 1587 1607 1644 1647 1638 1645 1684 1677 1686 1729 1717 1708 1715 1759 1796 1785 1875 1862 2044 2050 1996 2013 2160 2191 2168 2331 2340 2307 2338 2302 2319 2502 2454 2485 277 541 1148 
624 595 499 1068 997 490 463 480 548 369 345 197 974 907 191 320 420 340 182 0 172 174 39 186 342 347 195 71 183 157 213 248 227 994 942 474 552 1112 1075 647 732 788 799 746 724 857 807 787 791 850 869 915 974 930 913 976 992 1033 1101 1517 1503 1313 1349 1450 1765 1759 1554 1586 1613 1644 1615 1638 1648 1672 1711 1686 1677 1701 1708 1717 1741 1732 1770 1766 1850 1858 2120 2120 2016 2043 2132 2162 2165 2398 2402 2281 2312 2320 2344 2565 2429 2461 99 529 1143 
579 548 545 1225 1155 431 400 607 688 285 254 296 1144 1078 111 491 591 512 354 172 0 31 177 356 513 516 361 187 63 148 179 207 316 1161 1107 602 692 1264 1222 641 821 891 886 805 739 938 862 800 779 862 920 992 1046 979 925 987 1038 1102 1095 1631 1612 1365 1412 1466 1864 1852 1552 1582 1655 1695 1606 1647 1675 1716 1753 1713 1685 1693 1716 1744 1783 1724 1764 1765 1842 1871 2204 2199 2050 2085 2119 2150 2176 2472 2472 2269 2300 2350 2381 2634 2418 2450 84 574 1164 
610 579 574 1237 1167 461 431 626 705 315 284 316 1149 1082 141 495 595 512 355 174 31 0 173 354 512 513 356 177 32 122 149 176 296 1155 1100 585 676 1250 1208 610 796 868 861 778 708 913 834 770 748 832 892 965 1019 950 894 956 1009 1074 1064 1609 1589 1336 1384 1436 1839 1827 1521 1551 1625 1666 1575 1616 1645 1686 1723 1683 1655 1662 1685 1713 1753 1693 1733 1734 1811 1841 2177 2172 2020 2055 2088 2119 2146 2444 2444 2238 2269 2319 2351 2606 2387 2419 100 545 1134 
660 632 537 1085 1014 525 498 509 573 399 374 234 980 913 217 328 425 341 185 39 177 173 0 181 339 340 183 32 174 128 183 218 189 984 930 445 527 1092 1053 609 697 755 764 708 685 821 769 748 753 811 830 879 937 892 874 937 954 996 1062 1486 1471 1275 1312 1411 1732 1725 1515 1548 1574 1606 1576 1599 1609 1634 1672 1647 1638 1663 1669 1678 1703 1693 1732 1727 1811 1819 2085 2085 1978 2004 2093 2124 2126 2362 2366 2242 2273 2281 2306 2528 2390 2422 118 491 1104 
746 721 549 928 858 630 608 422 459 530 512 260 804 735 370 163 251 162 39 186 356 354 181 0 158 161 32 183 354 289 334 363 220 808 757 342 400 937 904 665 636 672 702 685 715 764 748 775 807 836 811 826 888 874 897 959 937 950 1098 1376 1368 1243 1266 1415 1638 1638 1539 1573 1548 1568 1606 1609 1599 1606 1645 1638 1647 1691 1678 1669 1676 1721 1757 1746 1837 1823 2008 2013 1957 1975 2122 2152 2129 2294 2303 2269 2299 2263 2280 2465 2416 2447 284 504 1110 
846 824 605 800 731 746 727 401 401 664 649 364 652 582 518 97 116 39 162 342 513 512 339 158 0 32 161 340 512 442 483 508 336 657 609 315 332 810 784 748 622 634 685 702 775 748 764 831 882 888 826 811 874 888 946 1004 950 937 1152 1293 1293 1236 1246 1438 1569 1575 1577 1611 1543 1552 1648 1634 1606 1599 1638 1645 1672 1731 1703 1676 1669 1761 1795 1778 1874 1841 1952 1963 1953 1962 2159 2189 2144 2245 2259 2304 2334 2260 2269 2420 2448 2479 439 564 1138 
870 847 634 821 752 766 747 433 433 680 664 385 662 592 528 128 141 71 173 347 516 513 340 161 32 0 158 339 512 437 476 499 320 647 597 284 301 790 762 723 590 603 653 671 747 716 733 802 855 859 794 779 842 856 916 975 918 905 1123 1265 1264 1204 1214 1406 1540 1545 1546 1580 1511 1521 1618 1603 1574 1567 1606 1613 1641 1700 1671 1644 1637 1730 1764 1747 1843 1809 1922 1932 1921 1930 2128 2158 2113 2215 2228 2273 2303 2228 2237 2389 2417 2448 446 537 1108 
773 747 580 946 876 654 631 453 487 550 530 288 812 743 384 183 263 173 71 195 361 356 183 32 161 158 0 181 354 281 323 349 195 800 747 313 374 920 885 637 605 642 671 653 684 733 716 744 778 805 779 794 856 842 866 927 905 918 1068 1350 1341 1211 1234 1383 1610 1609 1508 1541 1516 1537 1575 1577 1567 1574 1613 1606 1616 1660 1646 1637 1644 1690 1726 1715 1806 1791 1979 1984 1925 1943 2091 2121 2097 2264 2273 2238 2268 2232 2248 2435 2384 2416 294 473 1078 
690 661 569 1100 1029 553 526 535 596 425 399 265 987 919 240 339 433 346 194 71 187 177 32 183 340 339 181 0 173 109 162 195 158 977 922 423 508 1077 1037 577 668 729 735 677 653 792 738 716 722 779 799 849 907 861 842 905 922 966 1030 1462 1446 1244 1281 1379 1705 1697 1484 1516 1543 1575 1544 1567 1577 1603 1641 1616 1606 1631 1637 1646 1671 1662 1700 1695 1779 1787 2057 2056 1946 1973 2061 2092 2094 2333 2336 2210 2241 2250 2274 2499 2358 2390 140 459 1072 
641 611 603 1250 1180 493 462 647 723 346 315 339 1155 1087 173 502 600 515 359 183 63 32 174 354 512 512 354 173 0 100 119 145 276 1149 1093 568 661 1237 1193 578 771 845 836 749 677 886 805 739 716 800 862 938 992 920 862 925 979 1046 1032 1586 1565 1306 1355 1404 1814 1801 1489 1519 1595 1637 1543 1584 1614 1656 1693 1652 1623 1630 1654 1682 1722 1661 1701 1702 1779 1809 2150 2144 1989 2024 2056 2087 2114 2416 2415 2206 2237 2288 2320 2577 2355 2387 122 516 1102 
716 686 639 1210 1139 571 541 637 702 429 399 348 1093 1024 244 448 540 451 303 157 148 122 128 289 442 437 281 109 100 0 56 91 177 1063 1005 469 563 1141 1096 512 674 746 738 658 602 790 716 664 654 727 774 844 898 833 790 852 893 954 968 1487 1466 1219 1265 1331 1717 1705 1425 1456 1512 1550 1482 1514 1536 1573 1610 1575 1553 1568 1584 1605 1640 1599 1639 1638 1717 1738 2055 2051 1910 1942 1997 2028 2044 2324 2324 2147 2178 2211 2240 2487 2295 2327 158 428 1027 
757 726 693 1260 1189 609 579 693 757 464 433 404 1136 1066 284 496 585 496 352 213 179 149 183 334 483 476 323 162 119 56 0 35 187 1089 1029 476 574 1153 1105 465 657 735 720 630 560 770 686 622 606 684 743 821 873 801 746 809 859 927 921 1477 1453 1186 1235 1288 1699 1685 1378 1409 1476 1517 1433 1470 1496 1537 1574 1535 1509 1520 1540 1565 1603 1551 1591 1591 1669 1694 2032 2025 1871 1905 1948 1979 2000 2297 2295 2098 2129 2171 2202 2458 2247 2279 207 397 985 
786 755 728 1290 1220 638 607 728 791 492 460 440 1161 1091 315 525 613 522 382 248 207 176 218 363 508 499 349 195 145 91 35 0 197 1104 1042 480 580 1158 1108 434 645 726 707 611 532 755 665 593 574 655 721 804 855 778 717 779 835 908 889 1467 1442 1163 1214 1259 1685 1670 1346 1377 1450 1493 1401 1440 1468 1511 1548 1507 1478 1488 1509 1537 1578 1519 1559 1559 1637 1664 2013 2006 1844 1880 1915 1946 1969 2276 2274 2065 2096 2143 2175 2436 2214 2246 241 377 957 
849 820 716 1135 1066 711 683 637 679 580 553 409 981 911 392 378 449 359 253 227 316 296 189 220 336 320 195 158 276 177 187 197 0 906 845 292 388 967 920 449 511 576 578 519 510 634 580 572 592 634 642 691 748 704 697 760 766 807 892 1314 1296 1086 1122 1229 1551 1542 1341 1373 1386 1417 1404 1419 1423 1446 1484 1462 1458 1490 1489 1493 1514 1521 1558 1551 1637 1638 1899 1898 1790 1816 1921 1952 1945 2174 2177 2070 2100 2095 2118 2340 2217 2249 293 307 922 
1461 1444 1174 717 687 1383 1369 891 815 1317 1304 1007 410 383 1176 715 620 671 819 994 1161 1155 984 808 657 647 800 977 1149 1063 1089 1104 906 0 70 654 555 307 343 1138 764 685 780 911 1092 820 945 1120 1222 1152 982 862 907 1022 1186 1222 1064 954 1374 921 955 1209 1165 1501 1228 1261 1683 1717 1478 1444 1766 1686 1590 1519 1554 1624 1718 1833 1744 1651 1583 1858 1881 1844 1952 1843 1638 1670 1856 1830 2222 2248 2116 1945 1977 2349 2376 2146 2125 2126 2478 2506 1093 946 1270 
1428 1409 1147 750 716 1345 1329 869 799 1273 1259 966 445 409 1126 673 583 626 770 942 1107 1100 930 757 609 597 747 922 1093 1005 1029 1042 845 70 0 587 487 283 307 1068 694 616 712 841 1022 752 876 1050 1152 1082 914 796 842 954 1116 1153 997 890 1306 892 922 1150 1109 1438 1198 1229 1619 1654 1423 1392 1702 1625 1533 1465 1501 1567 1658 1770 1684 1595 1530 1795 1818 1783 1891 1786 1608 1638 1805 1783 2162 2188 2062 1915 1945 2291 2317 2098 2080 2095 2421 2449 1041 877 1203 
1084 1057 888 1043 979 959 935 716 716 843 819 602 824 755 662 409 413 354 378 474 602 585 445 342 315 284 313 423 568 469 476 480 292 654 587 0 102 677 628 511 307 331 370 393 501 433 453 549 624 600 513 496 559 574 653 708 636 622 861 1043 1031 921 934 1125 1298 1296 1270 1304 1228 1240 1343 1322 1290 1284 1323 1329 1359 1425 1390 1360 1354 1454 1487 1468 1565 1526 1666 1671 1638 1649 1851 1880 1829 1952 1962 1994 2024 1945 1955 2124 2137 2168 563 312 829 
1146 1121 931 989 929 1029 1005 731 717 920 898 659 752 685 743 429 409 370 432 552 692 676 527 400 332 301 374 508 661 563 574 580 388 555 487 102 0 578 532 594 315 307 370 432 570 432 486 612 697 657 542 494 556 599 705 755 657 618 911 976 970 918 921 1145 1243 1246 1300 1335 1224 1228 1376 1342 1297 1278 1317 1336 1379 1455 1409 1366 1348 1484 1515 1492 1593 1539 1621 1631 1633 1638 1876 1906 1838 1913 1926 2018 2047 1939 1945 2088 2159 2189 646 397 859 
1654 1633 1390 1024 993 1557 1537 1124 1063 1467 1449 1174 717 687 1303 891 814 836 959 1112 1264 1250 1092 937 810 790 920 1077 1237 1141 1153 1158 967 307 283 677 578 0 70 1073 654 555 643 797 998 662 812 1011 1124 1027 832 686 715 856 1046 1069 884 748 1211 614 649 964 905 1270 921 955 1459 1492 1209 1165 1543 1444 1331 1245 1279 1363 1474 1603 1497 1388 1306 1625 1644 1602 1712 1583 1331 1363 1571 1540 1971 1996 1843 1638 1670 2092 2117 1856 1830 1819 2215 2242 1210 906 1077 
1631 1609 1374 1056 1023 1529 1508 1116 1060 1434 1415 1147 750 716 1266 869 798 812 928 1075 1222 1208 1053 904 784 762 885 1037 1193 1096 1105 1108 920 343 307 628 532 70 0 1009 587 487 574 729 931 592 743 942 1057 957 762 616 645 786 976 999 814 679 1141 586 615 899 843 1203 892 922 1392 1425 1150 1109 1476 1380 1269 1187 1222 1302 1409 1537 1433 1328 1249 1559 1579 1537 1647 1522 1301 1331 1518 1489 1908 1933 1786 1608 1638 2030 2056 1805 1783 1789 2155 2182 1171 845 1007 
1220 1189 1145 1537 1470 1071 1040 1086 1124 924 892 843 1334 1264 749 812 864 780 701 647 641 610 609 665 748 723 637 577 578 512 465 434 449 1138 1068 511 594 1073 1009 0 425 527 457 303 121 473 326 172 144 228 360 496 526 400 288 348 446 562 456 1197 1156 765 832 827 1362 1334 913 944 1035 1088 970 1006 1041 1096 1131 1078 1044 1056 1075 1108 1160 1087 1127 1126 1205 1231 1647 1631 1419 1460 1486 1517 1535 1891 1882 1635 1666 1714 1750 2043 1784 1816 670 198 530 
1356 1328 1185 1298 1239 1222 1194 1023 1021 1092 1064 888 1043 979 904 716 715 661 674 732 821 796 697 636 622 590 605 668 771 674 657 645 511 764 694 307 315 654 587 425 0 102 67 148 344 128 183 361 471 388 231 190 253 285 422 462 342 315 618 824 797 614 630 829 1043 1031 986 1021 921 934 1063 1026 986 977 1016 1024 1063 1141 1093 1055 1047 1169 1200 1176 1277 1224 1388 1388 1331 1342 1561 1590 1526 1666 1671 1702 1731 1638 1649 1834 1843 1873 805 292 546 
1408 1381 1219 1257 1202 1279 1252 1036 1024 1154 1128 931 989 929 968 731 716 673 709 788 891 868 755 672 634 603 642 729 845 746 735 726 576 685 616 331 307 555 487 527 102 0 95 242 444 141 263 456 569 476 297 197 256 339 504 537 387 316 689 741 720 614 614 859 976 970 1027 1062 918 921 1107 1054 997 972 1011 1035 1090 1181 1119 1065 1041 1208 1236 1208 1313 1242 1336 1341 1326 1331 1593 1621 1539 1621 1631 1731 1759 1633 1638 1793 1869 1899 868 388 595 
1423 1395 1252 1341 1284 1289 1261 1086 1081 1158 1131 956 1079 1017 970 779 774 724 741 799 886 861 764 702 685 653 671 735 836 738 720 707 578 780 712 370 370 643 574 457 67 95 0 158 363 63 170 368 484 384 202 126 189 246 409 441 297 252 594 767 737 551 564 778 978 966 941 975 858 869 1019 974 927 914 953 966 1011 1095 1040 996 984 1123 1152 1126 1229 1169 1321 1321 1268 1278 1511 1540 1468 1598 1604 1651 1680 1575 1584 1767 1791 1821 871 345 505 
1366 1337 1226 1422 1361 1225 1196 1094 1104 1087 1057 921 1177 1112 900 790 806 741 724 746 805 778 708 685 702 671 653 677 749 658 630 611 519 911 841 393 432 797 729 303 148 242 158 0 205 170 63 214 327 240 126 202 246 189 278 324 252 297 480 900 863 567 606 735 1086 1065 876 911 868 897 950 931 914 927 966 953 970 1031 1000 984 996 1060 1093 1076 1172 1140 1402 1395 1275 1297 1457 1487 1446 1666 1666 1601 1631 1580 1600 1828 1746 1777 804 233 436 
1317 1286 1222 1544 1479 1170 1139 1137 1165 1024 993 916 1322 1254 844 849 888 809 752 724 739 708 685 715 775 747 684 653 677 602 560 532 510 1092 1022 501 570 998 931 121 344 444 363 205 0 368 214 63 130 126 240 384 409 278 189 252 324 441 383 1082 1039 646 712 729 1241 1212 831 864 922 971 894 914 936 983 1019 974 953 980 984 1005 1048 1011 1048 1042 1127 1136 1526 1510 1312 1350 1411 1442 1443 1771 1764 1559 1590 1611 1643 1925 1707 1739 759 212 425 
1481 1453 1314 1397 1341 1345 1317 1149 1144 1213 1185 1016 1131 1070 1025 842 837 787 802 857 938 913 821 764 748 716 733 792 886 790 770 755 634 820 752 433 432 662 592 473 128 141 63 170 368 0 158 363 481 368 170 63 126 202 384 409 246 189 557 732 698 488 502 720 931 915 886 921 795 806 965 916 865 851 890 903 952 1040 981 934 921 1067 1096 1069 1172 1108 1266 1264 1205 1215 1453 1482 1406 1541 1545 1592 1621 1512 1522 1708 1731 1761 926 385 454 
1426 1397 1289 1475 1415 1285 1255 1156 1166 1145 1115 984 1225 1160 958 852 866 802 787 807 862 834 769 748 764 733 716 738 805 716 686 665 580 945 876 453 486 812 743 326 183 263 170 63 214 158 0 205 323 214 63 170 202 126 240 278 189 246 434 870 829 506 549 673 1043 1019 817 852 806 836 892 870 851 865 903 890 908 972 938 921 934 1001 1034 1015 1112 1078 1350 1341 1212 1235 1397 1427 1383 1611 1609 1541 1571 1517 1538 1771 1685 1715 864 288 376 
1379 1349 1285 1593 1529 1232 1201 1197 1224 1085 1054 979 1365 1297 906 907 943 866 813 787 800 770 748 775 831 802 744 716 739 664 622 593 572 1120 1050 549 612 1011 942 172 361 456 368 214 63 363 205 0 118 63 214 368 384 240 126 189 278 409 323 1057 1012 594 663 666 1204 1172 768 801 864 916 832 851 875 925 961 913 890 918 921 943 989 948 986 979 1065 1073 1478 1461 1251 1290 1349 1379 1380 1719 1710 1497 1528 1549 1582 1871 1645 1676 822 271 363 
1357 1326 1290 1662 1597 1208 1177 1229 1264 1060 1028 987 1447 1378 889 951 997 915 843 791 779 748 753 807 882 855 778 722 716 654 606 574 592 1222 1152 624 697 1124 1057 144 471 569 484 327 130 481 323 118 0 137 330 486 499 349 178 229 378 519 315 1171 1123 674 752 698 1306 1272 772 803 923 984 827 870 917 984 1018 954 909 914 939 983 1046 945 985 986 1063 1096 1565 1544 1296 1342 1343 1373 1399 1796 1783 1492 1523 1587 1627 1942 1641 1673 812 319 413 
1441 1411 1348 1643 1579 1294 1263 1258 1283 1147 1116 1041 1409 1342 969 966 999 924 874 850 862 832 811 836 888 859 805 779 800 727 684 655 634 1152 1082 600 657 1027 957 228 388 476 384 240 126 368 214 63 137 0 205 363 368 214 63 126 240 384 264 1036 987 543 618 604 1169 1135 706 739 806 861 770 788 814 867 903 852 827 856 858 882 931 886 923 916 1003 1011 1432 1413 1191 1231 1287 1317 1317 1668 1658 1435 1465 1488 1522 1817 1582 1614 884 332 302 
1487 1457 1351 1528 1469 1344 1315 1219 1227 1204 1174 1046 1274 1211 1018 914 927 864 850 869 920 892 830 811 826 794 779 799 862 774 743 721 642 982 914 513 542 832 762 360 231 297 202 126 240 170 63 214 330 205 0 158 170 63 214 240 126 202 392 844 800 445 493 612 1002 975 759 793 744 776 834 808 788 803 841 827 846 914 876 858 872 942 974 954 1053 1015 1300 1288 1149 1173 1337 1367 1321 1556 1553 1480 1510 1455 1475 1715 1624 1655 924 346 318 
1539 1511 1375 1454 1399 1402 1374 1212 1207 1268 1240 1077 1184 1124 1081 905 900 850 864 915 992 965 879 826 811 779 794 849 938 844 821 804 691 862 796 496 494 686 616 496 190 197 126 202 384 63 170 368 486 363 158 0 63 170 368 384 202 126 525 700 662 425 439 662 885 866 832 867 732 744 913 857 803 788 827 841 893 986 922 872 858 1012 1040 1011 1116 1047 1211 1208 1142 1152 1396 1424 1345 1483 1487 1533 1562 1449 1459 1649 1672 1702 982 430 407 
1598 1569 1437 1511 1457 1460 1431 1275 1270 1325 1296 1138 1238 1179 1137 968 963 913 926 974 1046 1019 937 888 874 842 856 907 992 898 873 855 748 907 842 559 556 715 645 526 253 256 189 246 409 126 202 384 499 368 170 63 0 158 363 368 170 63 498 674 630 362 378 606 841 819 780 814 669 681 861 800 742 725 764 780 835 933 864 810 795 959 985 955 1060 986 1158 1152 1079 1089 1339 1367 1283 1426 1428 1475 1504 1386 1396 1591 1613 1643 1039 479 364 
1547 1517 1414 1583 1525 1404 1374 1282 1289 1263 1233 1109 1324 1262 1077 977 988 926 913 930 979 950 892 874 888 856 842 861 920 833 801 778 704 1022 954 574 599 856 786 400 285 339 246 189 278 202 126 240 349 214 63 170 158 0 205 214 63 170 356 822 774 386 438 550 964 934 701 736 682 716 778 747 725 742 780 764 785 856 815 795 810 884 916 894 994 953 1250 1236 1087 1112 1278 1307 1258 1502 1497 1420 1450 1392 1413 1659 1563 1594 984 406 261 
1504 1473 1411 1693 1631 1356 1325 1319 1342 1209 1178 1104 1455 1389 1031 1025 1056 982 935 913 925 894 874 897 946 916 866 842 862 790 746 717 697 1186 1116 653 705 1046 976 288 422 504 409 278 189 384 240 126 178 63 214 368 363 205 0 63 214 368 207 1018 967 495 575 541 1136 1099 643 676 749 807 708 725 753 810 845 791 764 794 795 821 873 824 861 853 940 948 1387 1366 1131 1173 1225 1255 1254 1618 1606 1373 1403 1426 1462 1765 1520 1551 947 394 242 
1566 1535 1474 1745 1683 1418 1387 1380 1402 1271 1240 1167 1502 1436 1094 1085 1114 1041 997 976 987 956 937 959 1004 975 927 905 925 852 809 779 760 1222 1153 708 755 1069 999 348 462 537 441 324 252 409 278 189 229 126 240 384 368 214 63 0 205 363 155 1004 950 452 537 479 1106 1066 581 614 694 755 647 662 693 754 789 730 701 732 732 760 817 762 799 791 878 885 1343 1320 1071 1114 1163 1193 1191 1568 1554 1310 1341 1365 1402 1713 1458 1489 1010 455 183 
1608 1578 1477 1638 1580 1464 1435 1344 1351 1322 1292 1171 1376 1314 1137 1039 1049 988 976 992 1038 1009 954 937 950 918 905 922 979 893 859 835 766 1064 997 636 657 884 814 446 342 387 297 252 324 246 189 278 378 240 126 202 170 63 214 205 0 158 328 804 752 327 387 489 928 895 644 679 620 657 722 686 662 680 718 701 723 799 754 732 748 827 857 834 935 890 1201 1186 1024 1050 1219 1248 1195 1448 1442 1360 1390 1329 1351 1604 1502 1533 1045 466 208 
1656 1627 1499 1569 1515 1518 1489 1338 1333 1381 1353 1199 1293 1235 1194 1031 1025 976 988 1033 1102 1074 996 950 937 905 918 966 1046 954 927 908 807 954 890 622 618 748 679 562 315 316 252 297 441 189 246 409 519 384 202 126 63 170 368 363 158 0 479 652 604 299 316 551 800 774 729 763 606 618 811 743 680 662 701 718 778 881 806 748 732 906 931 899 1006 926 1105 1097 1016 1026 1283 1310 1222 1370 1371 1418 1446 1323 1333 1533 1555 1584 1097 531 328 
1673 1642 1600 1900 1838 1523 1492 1521 1547 1375 1343 1295 1658 1592 1204 1230 1263 1188 1136 1101 1095 1064 1062 1098 1152 1123 1068 1030 1032 968 921 889 892 1374 1306 861 911 1211 1141 456 618 689 594 480 383 557 434 323 315 264 392 525 498 356 207 155 328 479 0 1089 1029 476 574 398 1153 1106 457 488 657 735 514 558 624 715 745 658 596 600 626 686 770 631 670 670 749 785 1347 1316 1000 1056 1031 1061 1086 1548 1527 1180 1210 1283 1328 1682 1328 1360 1126 595 187 
2123 2097 1899 1638 1607 2002 1977 1665 1621 1885 1861 1635 1331 1300 1702 1387 1335 1327 1408 1517 1631 1609 1486 1376 1293 1265 1350 1462 1586 1487 1477 1467 1314 921 892 1043 976 614 586 1197 824 741 767 900 1082 732 870 1057 1171 1036 844 700 674 822 1018 1004 804 652 1089 0 70 654 555 947 307 344 1135 1161 764 685 1213 1067 908 776 800 928 1085 1247 1099 945 820 1260 1265 1210 1316 1135 717 750 1043 989 1532 1552 1343 1024 1056 1629 1650 1298 1257 1205 1733 1756 1602 1112 906 
2114 2088 1898 1671 1638 1991 1966 1671 1632 1871 1846 1629 1364 1331 1686 1388 1341 1328 1402 1503 1612 1589 1471 1368 1293 1264 1341 1446 1565 1466 1453 1442 1296 955 922 1031 970 649 615 1156 797 720 737 863 1039 698 829 1012 1123 987 800 662 630 774 967 950 752 604 1029 70 0 587 487 877 282 307 1065 1091 694 616 1143 996 837 707 731 858 1014 1176 1029 875 751 1190 1194 1139 1246 1066 687 716 979 929 1463 1483 1277 993 1023 1561 1582 1239 1202 1174 1666 1690 1586 1081 845 
1932 1902 1789 1856 1804 1790 1760 1637 1633 1649 1619 1486 1571 1517 1463 1330 1325 1275 1282 1313 1365 1336 1275 1243 1236 1204 1211 1244 1306 1219 1186 1163 1086 1209 1150 921 918 964 899 765 614 614 551 567 646 488 506 594 674 543 445 425 362 386 495 452 327 299 476 654 587 0 102 312 677 629 506 537 307 331 589 480 386 363 402 423 510 642 535 453 433 663 680 638 748 638 891 870 717 732 1012 1038 927 1125 1117 1140 1167 1024 1037 1278 1272 1301 1369 791 292 
1972 1942 1815 1830 1782 1832 1803 1648 1638 1694 1664 1515 1540 1488 1507 1341 1330 1285 1304 1349 1412 1384 1312 1266 1246 1214 1234 1281 1355 1265 1235 1214 1122 1165 1109 934 921 905 843 832 630 614 564 606 712 502 549 663 752 618 493 439 378 438 575 537 387 316 574 555 487 102 0 398 578 532 591 619 315 307 672 547 426 363 401 459 573 718 595 486 432 736 749 702 812 679 815 799 716 717 1066 1090 953 1063 1060 1187 1213 1021 1024 1222 1313 1341 1411 838 388 
2045 2015 1945 2117 2062 1898 1867 1829 1839 1751 1719 1638 1844 1786 1573 1526 1539 1476 1454 1450 1466 1436 1411 1415 1438 1406 1383 1379 1404 1331 1288 1259 1229 1501 1438 1125 1145 1270 1203 827 829 859 778 735 729 720 673 666 698 604 612 662 606 550 541 479 489 551 398 947 877 312 398 0 906 845 193 224 292 388 276 196 227 341 364 260 234 333 264 288 384 357 380 348 454 409 1007 966 602 659 733 761 716 1174 1147 872 901 888 931 1297 1013 1044 1488 922 307 
2382 2355 2173 1945 1914 2255 2229 1951 1913 2130 2104 1899 1638 1607 1944 1665 1621 1605 1672 1765 1864 1839 1732 1638 1569 1540 1610 1705 1814 1717 1699 1685 1551 1228 1198 1298 1243 921 892 1362 1043 976 978 1086 1241 931 1043 1204 1306 1169 1002 885 841 964 1136 1106 928 800 1153 307 282 677 578 906 0 70 1073 1091 654 555 1140 973 795 641 652 804 980 1153 987 812 662 1159 1154 1093 1190 981 410 445 824 752 1365 1380 1135 717 750 1441 1458 1043 989 898 1528 1547 1844 1314 966 
2379 2351 2177 1978 1945 2249 2222 1962 1927 2122 2095 1898 1671 1638 1935 1671 1631 1612 1673 1759 1852 1827 1725 1638 1575 1545 1609 1697 1801 1705 1685 1670 1542 1261 1229 1296 1246 955 922 1334 1031 970 966 1065 1212 915 1019 1172 1272 1135 975 866 819 934 1099 1066 895 774 1106 344 307 629 532 845 70 0 1008 1026 587 487 1075 906 727 573 582 735 913 1086 919 743 592 1091 1085 1024 1120 911 383 409 755 685 1294 1309 1066 687 716 1371 1388 979 929 868 1458 1478 1835 1296 920 
2130 2099 2053 2282 2225 1980 1949 1959 1977 1832 1800 1747 2016 1956 1661 1661 1682 1614 1578 1554 1552 1521 1515 1539 1577 1546 1508 1484 1489 1425 1378 1346 1341 1683 1619 1270 1300 1459 1392 913 986 1027 941 876 831 886 817 768 772 706 759 832 780 701 643 581 644 729 457 1135 1065 506 591 193 1073 1008 0 34 426 528 83 140 303 457 466 317 167 155 191 330 475 184 218 213 297 348 1123 1073 612 692 583 613 635 1250 1214 729 760 860 921 1353 876 908 1583 1037 441 
2160 2129 2085 2317 2260 2010 1979 1993 2011 1861 1829 1780 2051 1991 1692 1695 1717 1648 1611 1586 1582 1551 1548 1573 1611 1580 1541 1516 1519 1456 1409 1377 1373 1717 1654 1304 1335 1492 1425 944 1021 1062 975 911 864 921 852 801 803 739 793 867 814 736 676 614 679 763 488 1161 1091 537 619 224 1091 1026 34 0 441 543 52 137 312 468 474 321 157 120 178 331 481 149 184 184 264 330 1129 1078 602 685 549 579 610 1248 1210 696 726 841 905 1347 843 875 1614 1070 475 
2228 2198 2094 2146 2097 2083 2054 1944 1939 1940 1910 1789 1856 1804 1756 1637 1632 1582 1587 1613 1655 1625 1574 1548 1543 1511 1516 1543 1595 1512 1476 1450 1386 1478 1423 1228 1224 1209 1150 1035 921 918 858 868 922 795 806 864 923 806 744 732 669 682 749 694 620 606 657 764 694 307 315 292 654 587 426 441 0 102 488 319 145 60 97 164 329 500 339 183 128 508 506 448 552 379 715 674 410 430 775 797 638 891 870 886 910 717 732 1025 1005 1032 1665 1086 511 
2263 2234 2117 2125 2079 2121 2091 1954 1945 1980 1950 1815 1830 1782 1794 1648 1637 1591 1607 1644 1695 1666 1606 1568 1552 1521 1537 1575 1637 1550 1517 1493 1417 1444 1392 1240 1228 1165 1109 1088 934 921 869 897 971 806 836 916 984 861 776 744 681 716 807 755 657 618 735 685 616 331 307 388 555 487 528 543 102 0 590 419 240 91 116 251 425 598 433 263 141 605 600 540 641 450 621 583 414 410 847 867 679 815 799 948 970 716 717 957 1059 1085 1700 1122 575 
2182 2151 2114 2361 2303 2032 2001 2027 2047 1883 1851 1809 2097 2036 1716 1731 1755 1685 1644 1615 1606 1575 1576 1606 1648 1618 1575 1544 1543 1482 1433 1401 1404 1766 1702 1343 1376 1543 1476 970 1063 1107 1019 950 894 965 892 832 827 770 834 913 861 778 708 647 722 811 514 1213 1143 589 672 276 1140 1075 83 52 488 590 0 175 355 512 516 361 187 87 200 368 522 118 158 176 236 339 1169 1116 622 709 517 547 603 1278 1238 666 696 847 916 1371 814 846 1639 1102 516 
2226 2195 2134 2312 2257 2077 2046 2024 2036 1929 1898 1827 2036 1979 1755 1722 1735 1672 1647 1638 1647 1616 1599 1609 1634 1603 1577 1567 1584 1514 1470 1440 1419 1686 1625 1322 1342 1444 1380 1006 1026 1054 974 931 914 916 870 851 870 788 808 857 800 747 725 662 686 743 558 1067 996 480 547 196 973 906 140 137 319 419 175 0 181 339 341 185 39 181 70 194 346 193 202 157 267 226 993 941 473 552 539 567 529 1111 1074 676 705 732 788 1212 816 847 1672 1112 499 
2253 2223 2137 2242 2191 2106 2076 2004 2006 1961 1929 1831 1958 1904 1780 1698 1701 1645 1638 1648 1675 1645 1609 1599 1606 1574 1567 1577 1614 1536 1496 1468 1423 1590 1533 1290 1297 1331 1269 1041 986 997 927 914 936 865 851 875 917 814 788 803 742 725 753 693 662 680 624 908 837 386 426 227 795 727 303 312 145 240 355 181 0 158 162 39 185 358 194 70 172 364 361 303 408 253 819 770 378 432 642 665 541 959 928 761 786 674 709 1075 888 916 1692 1118 511 
2288 2258 2152 2193 2145 2144 2114 2000 1994 2001 1970 1848 1900 1850 1817 1693 1686 1638 1645 1672 1716 1686 1634 1606 1599 1567 1574 1603 1656 1573 1537 1511 1446 1519 1465 1284 1278 1245 1187 1096 977 972 914 927 983 851 865 925 984 867 803 788 725 742 810 754 680 662 715 776 707 363 363 341 641 573 457 468 60 91 512 339 158 0 39 162 341 514 346 172 70 519 512 451 551 359 671 626 354 370 756 776 598 836 812 859 882 661 673 966 974 999 1725 1146 571 
2326 2296 2191 2230 2182 2181 2152 2039 2033 2038 2008 1887 1937 1887 1854 1732 1725 1677 1684 1711 1753 1723 1672 1645 1638 1606 1613 1641 1693 1610 1574 1548 1484 1554 1501 1323 1317 1279 1222 1131 1016 1011 953 966 1019 890 903 961 1018 903 841 827 764 780 845 789 718 701 745 800 731 402 401 364 652 582 466 474 97 116 516 341 162 39 0 158 339 512 340 161 31 514 504 442 537 336 657 609 315 332 732 751 564 810 784 831 853 622 634 937 943 968 1763 1184 605 
2291 2261 2176 2279 2228 2144 2114 2043 2045 1999 1967 1870 1993 1940 1818 1737 1740 1684 1677 1686 1713 1683 1647 1638 1645 1613 1606 1616 1652 1575 1535 1507 1462 1624 1567 1329 1336 1363 1302 1078 1024 1035 966 953 974 903 890 913 954 852 827 841 780 764 791 730 701 718 658 928 858 423 459 260 804 735 317 321 164 251 361 185 39 162 158 0 181 354 183 31 161 357 349 289 390 220 808 757 342 400 613 636 504 937 904 729 754 636 672 1048 854 882 1731 1156 549 
2265 2234 2173 2347 2293 2116 2085 2063 2074 1968 1936 1866 2071 2014 1793 1760 1773 1710 1686 1677 1685 1655 1638 1647 1672 1641 1616 1606 1623 1553 1509 1478 1458 1718 1658 1359 1379 1474 1409 1044 1063 1090 1011 970 953 952 908 890 909 827 846 893 835 785 764 701 723 778 596 1085 1014 510 573 234 980 913 167 157 329 425 187 39 185 341 339 181 0 173 31 183 340 179 180 128 239 189 984 930 445 527 504 532 491 1092 1053 640 668 697 755 1189 779 810 1711 1151 537 
2269 2238 2200 2437 2380 2119 2088 2112 2131 1970 1938 1895 2170 2110 1803 1814 1837 1768 1729 1701 1693 1662 1663 1691 1731 1700 1660 1631 1630 1568 1520 1488 1490 1833 1770 1425 1455 1603 1537 1056 1141 1181 1095 1031 980 1040 972 918 914 856 914 986 933 856 794 732 799 881 600 1247 1176 642 718 333 1153 1086 155 120 500 598 87 181 358 514 512 354 173 0 173 354 512 31 72 105 149 281 1150 1095 572 665 431 461 524 1240 1197 579 610 778 851 1324 727 759 1726 1188 596 
2296 2265 2204 2376 2321 2147 2116 2093 2104 1999 1967 1897 2098 2042 1824 1790 1803 1741 1717 1708 1716 1685 1669 1678 1703 1671 1646 1637 1654 1584 1540 1509 1489 1744 1684 1390 1409 1497 1433 1075 1093 1119 1040 1000 984 981 938 921 939 858 876 922 864 815 795 732 754 806 626 1099 1029 535 595 264 987 919 191 178 339 433 200 70 194 346 340 183 31 173 0 181 339 173 167 110 218 159 978 922 424 509 478 504 460 1078 1037 611 640 669 729 1171 750 780 1742 1182 568 
2322 2291 2207 2308 2257 2175 2144 2074 2076 2029 1998 1901 2022 1969 1849 1768 1770 1715 1708 1717 1744 1713 1678 1669 1676 1644 1637 1646 1682 1605 1565 1537 1493 1651 1595 1360 1366 1388 1328 1108 1055 1065 996 984 1005 934 921 943 983 882 858 872 810 795 821 760 732 748 686 945 875 453 486 288 812 743 330 331 183 263 368 194 70 172 161 31 183 354 181 0 158 354 343 281 378 195 800 747 314 375 591 613 474 920 885 704 729 606 643 1028 827 855 1761 1187 579 
2356 2326 2222 2260 2212 2211 2181 2070 2064 2068 2037 1918 1966 1917 1884 1763 1756 1708 1715 1741 1783 1753 1703 1676 1669 1637 1644 1671 1722 1640 1603 1578 1514 1583 1530 1354 1348 1306 1249 1160 1047 1041 984 996 1048 921 934 989 1046 931 872 858 795 810 873 817 748 732 770 820 751 433 432 384 662 592 475 481 128 141 522 346 172 70 31 161 340 512 339 158 0 512 500 437 529 321 648 598 285 302 714 732 538 791 763 809 831 591 604 914 919 944 1793 1214 633 
2300 2269 2231 2465 2408 2150 2119 2142 2161 2001 1969 1926 2197 2137 1834 1844 1866 1798 1759 1732 1724 1693 1693 1721 1761 1730 1690 1662 1661 1599 1551 1519 1521 1858 1795 1454 1484 1625 1559 1087 1169 1208 1123 1060 1011 1067 1001 948 945 886 942 1012 959 884 824 762 827 906 631 1260 1190 663 736 357 1159 1091 184 149 508 605 118 193 364 519 514 357 179 31 173 354 512 0 42 87 118 264 1146 1088 556 651 400 431 496 1228 1183 548 579 754 829 1309 696 728 1757 1218 625 
2340 2309 2270 2494 2437 2190 2159 2177 2195 2041 2009 1964 2224 2165 1874 1879 1900 1832 1796 1770 1764 1733 1732 1757 1795 1764 1726 1700 1701 1639 1591 1559 1558 1881 1818 1487 1515 1644 1579 1127 1200 1236 1152 1093 1048 1096 1034 986 985 923 974 1040 985 916 861 799 857 931 670 1265 1194 680 749 380 1154 1085 218 184 506 600 158 202 361 512 504 349 180 72 167 343 500 42 0 63 79 232 1126 1067 525 621 364 394 454 1199 1153 511 542 714 790 1276 658 690 1797 1255 657 
2343 2312 2264 2466 2410 2194 2163 2165 2179 2045 2013 1958 2192 2134 1875 1864 1881 1816 1785 1766 1765 1734 1727 1746 1778 1747 1715 1695 1702 1638 1591 1559 1551 1844 1783 1468 1492 1602 1537 1126 1176 1208 1126 1076 1042 1069 1015 979 986 916 954 1011 955 894 853 791 834 899 670 1210 1139 638 702 348 1093 1024 213 184 448 540 176 157 303 451 442 289 128 105 110 281 437 87 63 0 110 177 1063 1005 469 563 384 413 428 1141 1096 526 555 674 746 1221 670 701 1796 1246 639 
2418 2387 2349 2570 2514 2268 2237 2257 2274 2119 2087 2043 2299 2240 1952 1958 1978 1911 1875 1850 1842 1811 1811 1837 1874 1843 1806 1779 1779 1717 1669 1637 1637 1952 1891 1565 1593 1712 1647 1205 1277 1313 1229 1172 1127 1172 1112 1065 1063 1003 1053 1116 1060 994 940 878 935 1006 749 1316 1246 748 812 454 1190 1120 297 264 552 641 236 267 408 551 537 390 239 149 218 378 529 118 79 110 0 228 1135 1073 510 610 285 315 395 1188 1138 432 462 668 751 1254 579 611 1875 1334 736 
