0 400 200 282 447 282 806 750 984 921 950 970 1500 1552 1700 1711 1746 1711 2300 2334 2500 2507 2531 2507 3100 3125 3300 3306 3324 3306 4000 4019 4200 4204 4219 4204 4900 4916 5100 5103 5115 5103 5800 5763 6000 6003 5963 5953 6600 6612 6800 6802 6811 6802 10086 9565 9028 8552 8148 7858 7641 7510 7452 7650 8050 7652 7852 8052 8080 7686 7901 8100 7708 7795 8188 7836 8031 8227 7988 8372 8048 8238 8429 8254 8626 8331 8515 8700 8632 8989 8727 8902 9079 9084 9424 9194 9361 9529 9600 9892 9722 9850 10010 10103 10409 10235 10385 
400 0 447 632 200 282 700 850 900 921 1030 1123 1552 1500 1746 1802 1700 1711 2334 2300 2531 2570 2500 2507 3125 3100 3324 3354 3300 3306 4019 4000 4219 4242 4200 4204 4916 4900 5115 5135 5100 5103 5813 5750 6013 6029 5950 5953 6612 6600 6811 6826 6800 6802 9795 9257 8701 8206 7784 7480 7252 7113 7052 7250 7650 7252 7452 7652 7681 7288 7504 7702 7311 7403 7795 7446 7641 7836 7606 7988 7668 7858 8048 7884 8254 7965 8148 8331 8280 8632 8378 8552 8727 8750 9084 8864 9028 9194 9284 9570 9410 9534 9691 9804 10103 9939 10086 
200 447 0 200 400 200 640 550 806 728 750 776 1300 1360 1500 1513 1552 1513 2100 2137 2300 2308 2334 2308 2900 2927 3100 3106 3125 3106 3800 3820 4000 4004 4019 4004 4700 4716 4900 4904 4916 4904 5600 5564 5800 5803 5763 5753 6400 6412 6600 6603 6612 6603 9953 9441 8916 8455 8069 7796 7599 7487 7450 7652 8052 7650 7850 8050 8065 7669 7881 8080 7686 7759 8154 7795 7992 8188 7933 8319 7988 8180 8372 8181 8556 8254 8439 8626 8541 8901 8632 8810 8989 8978 9321 9084 9253 9424 9480 9777 9600 9730 9892 9974 10284 10103 10255 
282 632 200 0 600 400 781 585 921 806 776 750 1315 1431 1513 1500 1615 1552 2109 2184 2308 2300 2376 2334 2906 2961 3106 3100 3157 3125 3805 3847 4004 4000 4044 4019 4704 4738 4904 4900 4936 4916 5603 5582 5803 5800 5781 5763 6403 6428 6603 6600 6627 6612 10103 9600 9084 8632 8254 7988 7795 7686 7650 7852 8252 7850 8050 8250 8265 7869 8080 8279 7885 7956 8351 7992 8188 8385 8126 8513 8180 8372 8564 8368 8744 8439 8626 8813 8721 9083 8810 8989 9168 9149 9494 9253 9424 9595 9642 9943 9760 9892 10056 10128 10441 10255 10409 
447 200 400 600 0 200 500 680 700 728 850 960 1360 1300 1552 1615 1500 1513 2137 2100 2334 2376 2300 2308 2927 2900 3125 3157 3100 3106 3820 3800 4019 4044 4000 4004 4716 4700 4916 4936 4900 4904 5614 5550 5813 5830 5750 5753 6412 6400 6612 6627 6600 6603 9657 9129 8585 8105 7701 7415 7207 7089 7050 7252 7652 7250 7450 7650 7666 7270 7482 7681 7288 7365 7759 7403 7599 7795 7548 7933 7606 7796 7988 7808 8181 7884 8069 8254 8185 8541 8280 8455 8632 8640 8978 8750 8916 9084 9160 9451 9284 9410 9570 9670 9974 9804 9953 
282 282 200 400 200 0 538 585 728 700 776 850 1315 1315 1513 1552 1513 1500 2109 2109 2308 2334 2308 2300 2906 2906 3106 3125 3106 3100 3805 3805 4004 4019 4004 4000 4704 4704 4904 4916 4904 4900 5603 5553 5803 5813 5753 5750 6403 6403 6603 6612 6603 6600 9804 9284 8750 8280 7884 7606 7403 7288 7250 7452 7852 7450 7650 7850 7865 7470 7681 7881 7487 7562 7956 7599 7795 7992 7740 8126 7796 7988 8180 7994 8368 8069 8254 8439 8363 8721 8455 8632 8810 8808 9149 8916 9084 9253 9320 9613 9441 9570 9730 9821 10128 9953 10103 
806 700 640 781 500 538 0 403 200 282 471 650 894 800 1077 1166 1000 1019 1649 1600 1843 1897 1800 1811 2433 2400 2630 2668 2600 2607 3324 3300 3522 3551 3500 3505 4219 4200 4418 4440 4400 4404 5115 5050 5315 5333 5250 5253 5913 5900 6113 6129 6100 6103 9322 8820 8310 7870 7514 7276 7120 7054 7067 7283 7681 7267 7466 7666 7650 7250 7452 7652 7254 7294 7691 7318 7516 7715 7424 7815 7470 7664 7858 7636 8017 7702 7890 8079 7965 8331 8050 8231 8412 8378 8727 8480 8652 8825 8864 9166 8980 9114 9278 9347 9660 9474 9628 
750 850 550 585 680 585 403 0 427 250 200 282 750 850 950 970 1030 970 1550 1600 1750 1761 1795 1761 2350 2383 2550 2557 2581 2557 3250 3274 3450 3455 3473 3455 4150 4169 4350 4354 4368 4354 5050 5015 5250 5253 5215 5203 5850 5863 6050 6053 6063 6053 9597 9114 8626 8210 7874 7652 7510 7452 7470 7686 8084 7669 7869 8068 8050 7650 7851 8051 7652 7686 8084 7708 7907 8105 7805 8197 7847 8042 8238 8002 8386 8063 8253 8444 8311 8681 8391 8574 8758 8703 9056 8800 8974 9150 9166 9476 9278 9416 9583 9630 9951 9753 9910 
984 900 806 921 700 728 200 427 0 200 403 602 721 600 894 1000 800 824 1456 1400 1649 1708 1600 1612 2236 2200 2433 2473 2400 2408 3125 3100 3324 3354 3300 3306 4019 4000 4219 4242 4200 4204 4916 4850 5115 5135 5050 5053 5714 5700 5913 5930 5900 5903 9193 8701 8206 7784 7447 7229 7095 7050 7084 7305 7702 7283 7482 7681 7652 7251 7450 7650 7250 7274 7673 7294 7492 7691 7383 7777 7424 7619 7815 7576 7960 7636 7827 8017 7884 8254 7965 8148 8331 8280 8632 8378 8552 8727 8750 9057 8864 9000 9166 9222 9540 9347 9503 
921 921 728 806 728 700 282 250 200 0 206 403 632 632 824 894 824 800 1414 1414 1612 1649 1612 1600 2209 2209 2408 2433 2408 2400 3106 3106 3306 3324 3306 3300 4004 4004 4204 4219 4204 4200 4904 4854 5103 5115 5053 5050 5703 5703 5903 5913 5903 5900 9347 8864 8378 7965 7636 7424 7294 7250 7283 7504 7901 7482 7681 7881 7852 7451 7650 7850 7450 7474 7872 7492 7691 7890 7580 7973 7619 7815 8011 7768 8152 7827 8017 8208 8069 8439 8148 8331 8515 8455 8810 8552 8727 8902 8916 9227 9028 9166 9334 9380 9701 9503 9660 
950 1030 750 776 850 776 471 200 403 206 0 200 550 680 750 776 850 776 1350 1408 1550 1562 1600 1562 2150 2186 2350 2358 2383 2358 3050 3076 3250 3256 3274 3256 3950 3970 4150 4154 4169 4154 4850 4816 5050 5053 5015 5003 5650 5664 5850 5853 5863 5853 9472 9000 8527 8128 7811 7609 7487 7450 7487 7708 8105 7686 7885 8084 8053 7652 7850 8050 7650 7669 8068 7686 7885 8084 7768 8162 7805 8001 8197 7946 8332 8002 8194 8386 8235 8608 8311 8496 8681 8609 8966 8703 8879 9056 9057 9372 9166 9307 9476 9510 9834 9630 9790 
970 1123 776 750 960 850 650 282 602 403 200 0 585 813 776 750 960 850 1364 1477 1562 1550 1662 1600 2159 2232 2358 2350 2425 2383 3056 3108 3256 3250 3304 3274 3955 3995 4154 4150 4193 4169 4854 4837 5053 5050 5035 5015 5653 5681 5853 5850 5880 5863 9630 9166 8703 8311 8002 7805 7686 7650 7686 7907 8304 7885 8084 8284 8253 7852 8050 8250 7850 7869 8268 7885 8084 8284 7965 8359 8001 8197 8394 8139 8525 8194 8386 8578 8421 8795 8496 8681 8867 8787 9146 8879 9056 9234 9227 9544 9334 9476 9646 9671 9999 9790 9951 
1500 1552 1300 1315 1360 1315 894 750 721 632 550 585 0 400 200 282 447 282 800 894 1000 1019 1077 1019 1600 1649 1800 1811 1843 1811 2500 2531 2700 2707 2729 2707 3400 3423 3600 3605 3622 3605 4300 4268 4500 4504 4467 4454 5100 5115 5300 5303 5315 5303 9142 8703 8274 7924 7664 7516 7452 7470 7562 7795 8188 7759 7956 8154 8089 7686 7872 8072 7669 7650 8050 7652 7852 8052 7691 8089 7715 7913 8111 7815 8207 7858 8053 8248 8048 8429 8112 8301 8490 8371 8738 8454 8636 8818 8775 9103 8875 9023 9198 9194 9529 9306 9471 
1552 1500 1360 1431 1300 1315 800 850 600 632 680 813 400 0 447 632 200 282 894 800 1077 1166 1000 1019 1649 1600 1843 1897 1800 1811 2531 2500 2729 2765 2700 2707 3423 3400 3622 3649 3600 3605 4318 4250 4517 4539 4450 4454 5115 5100 5315 5333 5300 5303 8820 8363 7915 7549 7276 7120 7052 7071 7168 7403 7795 7365 7562 7759 7691 7288 7474 7673 7270 7250 7650 7252 7452 7652 7294 7691 7318 7516 7715 7424 7815 7470 7664 7858 7668 8048 7736 7924 8112 8007 8371 8094 8274 8454 8429 8751 8533 8677 8850 8864 9194 8980 9142 
1700 1746 1500 1513 1552 1513 1077 950 894 824 750 776 200 447 0 200 400 200 600 721 800 824 894 824 1400 1456 1600 1612 1649 1612 2300 2334 2500 2507 2531 2507 3200 3224 3400 3405 3423 3405 4100 4069 4300 4304 4268 4254 4900 4916 5100 5103 5115 5103 9028 8601 8189 7858 7619 7492 7450 7487 7599 7836 8227 7795 7992 8188 8111 7708 7890 8089 7686 7652 8052 7650 7850 8050 7673 8072 7691 7890 8089 7777 8170 7815 8011 8207 7988 8372 8048 8238 8429 8292 8662 8371 8554 8738 8679 9011 8775 8926 9103 9084 9424 9194 9361 
1711 1802 1513 1500 1615 1552 1166 970 1000 894 776 750 282 632 200 0 600 400 632 848 824 800 1000 894 1414 1523 1612 1600 1708 1649 2308 2376 2507 2500 2570 2531 3206 3255 3405 3400 3452 3423 4104 4094 4304 4300 4292 4268 4904 4936 5103 5100 5135 5115 9194 8775 8371 8048 7815 7691 7650 7686 7795 8031 8423 7992 8188 8385 8310 7907 8089 8288 7885 7852 8252 7850 8050 8250 7872 8271 7890 8089 8288 7973 8367 8011 8207 8403 8180 8564 8238 8429 8620 8477 8848 8554 8738 8923 8856 9190 8950 9103 9280 9253 9595 9361 9529 
1746 1700 1552 1615 1500 1513 1000 1030 800 824 850 960 447 200 400 600 0 200 721 600 894 1000 800 824 1456 1400 1649 1708 1600 1612 2334 2300 2531 2570 2500 2507 3224 3200 3423 3452 3400 3405 4119 4050 4318 4341 4250 4254 4916 4900 5115 5135 5100 5103 8701 8257 7827 7480 7229 7095 7050 7089 7207 7446 7836 7403 7599 7795 7715 7311 7492 7691 7288 7252 7652 7250 7450 7650 7274 7673 7294 7492 7691 7383 7777 7424 7619 7815 7606 7988 7668 7858 8048 7924 8292 8007 8189 8371 8329 8655 8429 8577 8751 8750 9084 8864 9028 
1711 1711 1513 1552 1513 1500 1019 970 824 800 776 850 282 282 200 400 200 0 632 632 824 894 824 800 1414 1414 1612 1649 1612 1600 2308 2308 2507 2531 2507 2500 3206 3206 3405 3423 3405 3400 4104 4054 4304 4318 4254 4250 4904 4904 5103 5115 5103 5100 8864 8429 8007 7668 7424 7294 7250 7288 7403 7641 8031 7599 7795 7992 7913 7510 7691 7890 7487 7452 7852 7450 7650 7850 7474 7872 7492 7691 7890 7580 7973 7619 7815 8011 7796 8180 7858 8048 8238 8108 8477 8189 8371 8554 8503 8833 8601 8751 8926 8916 9253 9028 9194 
2300 2334 2100 2109 2137 2109 1649 1550 1456 1414 1350 1364 800 894 600 632 721 632 0 400 200 282 447 282 800 894 1000 1019 1077 1019 1700 1746 1900 1910 1941 1910 2600 2630 2800 2807 2828 2807 3500 3473 3700 3705 3671 3655 4300 4318 4500 4504 4517 4504 8703 8318 7958 7688 7516 7452 7474 7571 7740 7988 8372 7933 8126 8319 8207 7805 7973 8170 7768 7691 8089 7673 7872 8072 7650 8050 7652 7852 8052 7691 8089 7715 7913 8111 7836 8227 7882 8076 8271 8079 8459 8146 8334 8523 8412 8758 8497 8657 8838 8775 9126 8875 9048 
2334 2300 2137 2184 2100 2109 1600 1600 1400 1414 1408 1477 894 800 721 848 600 632 400 0 447 632 200 282 894 800 1077 1166 1000 1019 1746 1700 1941 1992 1900 1910 2630 2600 2828 2863 2800 2807 3522 3450 3721 3748 3650 3655 4318 4300 4517 4539 4500 4504 8363 7961 7585 7301 7120 7052 7075 7178 7356 7606 7988 7548 7740 7933 7815 7413 7580 7777 7374 7294 7691 7274 7474 7673 7250 7650 7252 7452 7652 7294 7691 7318 7516 7715 7446 7836 7494 7688 7882 7702 8079 7771 7958 8146 8050 8391 8139 8296 8476 8429 8775 8533 8703 
2500 2531 2300 2308 2334 2308 1843 1750 1649 1612 1550 1562 1000 1077 800 824 894 824 200 447 0 200 400 200 600 721 800 824 894 824 1500 1552 1700 1711 1746 1711 2400 2433 2600 2607 2630 2607 3300 3274 3500 3505 3473 3455 4100 4119 4300 4304 4318 4304 8601 8231 7890 7641 7492 7450 7492 7609 7796 8048 8429 7988 8180 8372 8248 7847 8011 8207 7805 7715 8111 7691 7890 8089 7652 8052 7650 7850 8050 7673 8072 7691 7890 8089 7795 8188 7836 8031 8227 8017 8400 8079 8269 8459 8331 8681 8412 8574 8758 8679 9033 8775 8950 
2507 2570 2308 2300 2376 2334 1897 1761 1708 1649 1562 1550 1019 1166 824 800 1000 894 282 632 200 0 600 400 632 848 824 800 1000 894 1513 1615 1711 1700 1802 1746 2408 2473 2607 2600 2668 2630 3306 3304 3505 3500 3501 3473 4104 4143 4304 4300 4341 4318 8775 8412 8079 7836 7691 7650 7691 7805 7988 8238 8620 8180 8372 8564 8444 8042 8207 8403 8001 7913 8310 7890 8089 8288 7852 8252 7850 8050 8250 7872 8271 7890 8089 8288 7992 8385 8031 8227 8423 8208 8592 8269 8459 8650 8515 8867 8594 8758 8942 8856 9212 8950 9126 
2531 2500 2334 2376 2300 2308 1800 1795 1600 1612 1600 1662 1077 1000 894 1000 800 824 447 200 400 600 0 200 721 600 894 1000 800 824 1552 1500 1746 1802 1700 1711 2433 2400 2630 2668 2600 2607 3324 3250 3522 3551 3450 3455 4119 4100 4318 4341 4300 4304 8257 7870 7514 7252 7095 7050 7095 7218 7415 7668 8048 7606 7796 7988 7858 7458 7619 7815 7413 7318 7715 7294 7492 7691 7252 7652 7250 7450 7650 7274 7673 7294 7492 7691 7403 7795 7446 7641 7836 7636 8017 7702 7890 8079 7965 8311 8050 8210 8391 8329 8679 8429 8601 
2507 2507 2308 2334 2308 2300 1811 1761 1612 1600 1562 1600 1019 1019 824 894 824 800 282 282 200 400 200 0 632 632 824 894 824 800 1513 1513 1711 1746 1711 1700 2408 2408 2607 2630 2607 2600 3306 3256 3505 3522 3455 3450 4104 4104 4304 4318 4304 4300 8429 8050 7702 7446 7294 7250 7294 7413 7606 7858 8238 7796 7988 8180 8053 7652 7815 8011 7609 7516 7913 7492 7691 7890 7452 7852 7450 7650 7850 7474 7872 7492 7691 7890 7599 7992 7641 7836 8031 7827 8208 7890 8079 8269 8148 8496 8231 8391 8574 8503 8856 8601 8775 
3100 3125 2900 2906 2927 2906 2433 2350 2236 2209 2150 2159 1600 1649 1400 1414 1456 1414 800 894 600 632 721 632 0 400 200 282 447 282 900 984 1100 1118 1170 1118 1800 1843 2000 2009 2039 2009 2700 2680 2900 2906 2877 2857 3500 3522 3700 3705 3721 3705 8318 7994 7713 7530 7452 7474 7580 7754 7994 8254 8626 8181 8368 8556 8400 8002 8152 8345 7946 7815 8207 7777 7973 8170 7691 8089 7673 7872 8072 7650 8050 7652 7852 8052 7702 8100 7728 7926 8124 7858 8248 7907 8100 8294 8112 8474 8181 8351 8539 8412 8777 8497 8678 
3125 3100 2927 2961 2900 2906 2400 2383 2200 2209 2186 2232 1649 1600 1456 1523 1400 1414 894 800 721 848 600 632 400 0 447 632 200 282 984 900 1170 1252 1100 1118 1843 1800 2039 2088 2000 2009 2729 2650 2927 2961 2850 2857 3522 3500 3721 3748 3700 3705 7961 7623 7328 7135 7052 7075 7187 7370 7623 7884 8254 7808 7994 8181 8017 7621 7768 7960 7562 7424 7815 7383 7580 7777 7294 7691 7274 7474 7673 7250 7650 7252 7452 7652 7305 7702 7332 7530 7728 7470 7858 7520 7713 7907 7736 8095 7808 7976 8163 8050 8412 8139 8318 
3300 3324 3100 3106 3125 3106 2630 2550 2433 2408 2350 2358 1800 1843 1600 1612 1649 1612 1000 1077 800 824 894 824 200 447 0 200 400 200 700 806 900 921 984 921 1600 1649 1800 1811 1843 1811 2500 2482 2700 2707 2680 2657 3300 3324 3500 3505 3522 3505 8231 7924 7664 7504 7450 7492 7619 7811 8069 8331 8700 8254 8439 8626 8459 8063 8208 8400 8002 7858 8248 7815 8011 8207 7715 8111 7691 7890 8089 7652 8052 7650 7850 8050 7681 8080 7702 7901 8100 7815 8207 7858 8053 8248 8048 8414 8112 8285 8474 8331 8700 8412 8594 
3306 3354 3106 3100 3157 3125 2668 2557 2473 2433 2358 2350 1811 1897 1612 1600 1708 1649 1019 1166 824 800 1000 894 282 632 200 0 600 400 728 921 921 900 1081 984 1612 1708 1811 1800 1897 1843 2507 2522 2707 2700 2717 2680 3306 3354 3505 3500 3551 3522 8412 8112 7858 7702 7650 7691 7815 8002 8254 8515 8885 8439 8626 8813 8650 8253 8400 8592 8194 8053 8444 8011 8207 8403 7913 8310 7890 8089 8288 7852 8252 7850 8050 8250 7881 8279 7901 8100 8298 8011 8403 8053 8248 8444 8238 8606 8301 8474 8665 8515 8885 8594 8777 
3324 3300 3125 3157 3100 3106 2600 2581 2400 2408 2383 2425 1843 1800 1649 1708 1600 1612 1077 1000 894 1000 800 824 447 200 400 600 0 200 806 700 984 1081 900 921 1649 1600 1843 1897 1800 1811 2531 2450 2729 2765 2650 2657 3324 3300 3522 3551 3500 3505 7870 7549 7276 7107 7050 7095 7229 7431 7701 7965 8331 7884 8069 8254 8079 7685 7827 8017 7621 7470 7858 7424 7619 7815 7318 7715 7294 7492 7691 7252 7652 7250 7450 7650 7283 7681 7305 7504 7702 7424 7815 7470 7664 7858 7668 8032 7736 7907 8095 7965 8331 8050 8231 
3306 3306 3106 3125 3106 3100 2607 2557 2408 2400 2358 2383 1811 1811 1612 1649 1612 1600 1019 1019 824 894 824 800 282 282 200 400 200 0 728 728 921 984 921 900 1612 1612 1811 1843 1811 1800 2507 2458 2707 2729 2657 2650 3306 3306 3505 3522 3505 3500 8050 7736 7470 7305 7250 7294 7424 7621 7884 8148 8515 8069 8254 8439 8269 7874 8017 8208 7811 7664 8053 7619 7815 8011 7516 7913 7492 7691 7890 7452 7852 7450 7650 7850 7482 7881 7504 7702 7901 7619 8011 7664 7858 8053 7858 8223 7924 8095 8285 8148 8515 8231 8412 
4000 4019 3800 3805 3820 3805 3324 3250 3125 3106 3050 3056 2500 2531 2300 2308 2334 2308 1700 1746 1500 1513 1552 1513 900 984 700 728 806 728 0 400 200 282 447 282 900 984 1100 1118 1170 1118 1800 1795 2000 2009 1990 1960 2600 2630 2800 2807 2828 2807 7958 7713 7530 7452 7482 7599 7796 8050 8363 8632 8989 8541 8721 8901 8700 8311 8439 8626 8235 8048 8429 7988 8180 8372 7836 8227 7795 7992 8188 7702 8100 7681 7881 8080 7650 8050 7652 7852 8052 7702 8100 7728 7926 8124 7858 8238 7907 8088 8282 8079 8459 8146 8334 
4019 4000 3820 3847 3800 3805 3300 3274 3100 3106 3076 3108 2531 2500 2334 2376 2300 2308 1746 1700 1552 1615 1500 1513 984 900 806 921 700 728 400 0 447 632 200 282 984 900 1170 1252 1100 1118 1843 1750 2039 2088 1950 1960 2630 2600 2828 2863 2800 2807 7585 7328 7135 7052 7084 7207 7415 7681 8008 8280 8632 8185 8363 8541 8331 7945 8069 8254 7865 7668 8048 7606 7796 7988 7446 7836 7403 7599 7795 7305 7702 7283 7482 7681 7250 7650 7252 7452 7652 7305 7702 7332 7530 7728 7470 7847 7520 7700 7894 7702 8079 7771 7958 
4200 4219 4000 4004 4019 4004 3522 3450 3324 3306 3250 3256 2700 2729 2500 2507 2531 2507 1900 1941 1700 1711 1746 1711 1100 1170 900 921 984 921 200 447 0 200 400 200 700 806 900 921 984 921 1600 1600 1800 1811 1795 1761 2400 2433 2600 2607 2630 2607 7890 7664 7504 7450 7504 7641 7858 8128 8455 8727 9079 8632 8810 8989 8777 8391 8515 8700 8311 8112 8490 8048 8238 8429 7882 8271 7836 8031 8227 7728 8124 7702 7901 8100 7652 8052 7650 7850 8050 7681 8080 7702 7901 8100 7815 8197 7858 8042 8238 8017 8400 8079 8269 
4204 4242 4004 4000 4044 4019 3551 3455 3354 3324 3256 3250 2707 2765 2507 2500 2570 2531 1910 1992 1711 1700 1802 1746 1118 1252 921 900 1081 984 282 632 200 0 600 400 728 921 921 900 1081 984 1612 1662 1811 1800 1850 1795 2408 2473 2607 2600 2668 2630 8079 7858 7702 7650 7702 7836 8048 8311 8632 8902 9257 8810 8989 9168 8961 8574 8700 8885 8496 8301 8680 8238 8429 8620 8076 8465 8031 8227 8423 7926 8323 7901 8100 8298 7852 8252 7850 8050 8250 7881 8279 7901 8100 8298 8011 8394 8053 8238 8433 8208 8592 8269 8459 
4219 4200 4019 4044 4000 4004 3500 3473 3300 3306 3274 3304 2729 2700 2531 2570 2500 2507 1941 1900 1746 1802 1700 1711 1170 1100 984 1081 900 921 447 200 400 600 0 200 806 700 984 1081 900 921 1649 1550 1843 1897 1750 1761 2433 2400 2630 2668 2600 2607 7514 7276 7107 7050 7107 7252 7480 7763 8105 8378 8727 8280 8455 8632 8412 8029 8148 8331 7945 7736 8112 7668 7858 8048 7494 7882 7446 7641 7836 7332 7728 7305 7504 7702 7252 7652 7250 7450 7650 7283 7681 7305 7504 7702 7424 7805 7470 7652 7847 7636 8017 7702 7890 
4204 4204 4004 4019 4004 4000 3505 3455 3306 3300 3256 3274 2707 2707 2507 2531 2507 2500 1910 1910 1711 1746 1711 1700 1118 1118 921 984 921 900 282 282 200 400 200 0 728 728 921 984 921 900 1612 1562 1811 1843 1761 1750 2408 2408 2607 2630 2607 2600 7702 7470 7305 7250 7305 7446 7668 7945 8280 8552 8902 8455 8632 8810 8594 8210 8331 8515 8128 7924 8301 7858 8048 8238 7688 8076 7641 7836 8031 7530 7926 7504 7702 7901 7452 7852 7450 7650 7850 7482 7881 7504 7702 7901 7619 8001 7664 7847 8042 7827 8208 7890 8079 
4900 4916 4700 4704 4716 4704 4219 4150 4019 4004 3950 3955 3400 3423 3200 3206 3224 3206 2600 2630 2400 2408 2433 2408 1800 1843 1600 1612 1649 1612 900 984 700 728 806 728 0 400 200 282 447 282 900 939 1100 1118 1123 1068 1700 1746 1900 1910 1941 1910 7688 7530 7452 7482 7619 7827 8108 8432 8808 9084 9424 8978 9149 9321 9079 8703 8810 8989 8609 8371 8738 8292 8477 8662 8079 8459 8017 8208 8400 7858 8248 7815 8011 8207 7702 8100 7681 7881 8080 7650 8050 7652 7852 8052 7702 8094 7728 7919 8118 7836 8227 7882 8076 
4916 4900 4716 4738 4700 4704 4200 4169 4000 4004 3970 3995 3423 3400 3224 3255 3200 3206 2630 2600 2433 2473 2400 2408 1843 1800 1649 1708 1600 1612 984 900 806 921 700 728 400 0 447 632 200 282 984 850 1170 1252 1050 1068 1746 1700 1941 1992 1900 1910 7301 7135 7052 7084 7229 7447 7742 8081 8473 8750 9084 8640 8808 8978 8727 8353 8455 8632 8256 8007 8371 7924 8108 8292 7702 8079 7636 7827 8017 7470 7858 7424 7619 7815 7305 7702 7283 7482 7681 7250 7650 7252 7452 7652 7305 7697 7332 7523 7721 7446 7836 7494 7688 
5100 5115 4900 4904 4916 4904 4418 4350 4219 4204 4150 4154 3600 3622 3400 3405 3423 3405 2800 2828 2600 2607 2630 2607 2000 2039 1800 1811 1843 1811 1100 1170 900 921 984 921 200 447 0 200 400 200 700 763 900 921 939 873 1500 1552 1700 1711 1746 1711 7641 7504 7450 7504 7664 7890 8189 8527 8916 9194 9529 9084 9253 9424 9174 8800 8902 9079 8703 8454 8818 8371 8554 8738 8146 8523 8079 8269 8459 7907 8294 7858 8053 8248 7728 8124 7702 7901 8100 7652 8052 7650 7850 8050 7681 8076 7702 7895 8094 7795 8188 7836 8031 
5103 5135 4904 4900 4936 4916 4440 4354 4242 4219 4154 4150 3605 3649 3405 3400 3452 3423 2807 2863 2607 2600 2668 2630 2009 2088 1811 1800 1897 1843 1118 1252 921 900 1081 984 282 632 200 0 600 400 728 884 921 900 1040 939 1513 1615 1711 1700 1802 1746 7836 7702 7650 7702 7858 8079 8371 8703 9084 9361 9699 9253 9424 9595 9350 8974 9079 9257 8879 8636 9001 8554 8738 8923 8334 8712 8269 8459 8650 8100 8488 8053 8248 8444 7926 8323 7901 8100 8298 7852 8252 7850 8050 8250 7881 8275 7901 8094 8293 7992 8385 8031 8227 
5115 5100 4916 4936 4900 4904 4400 4368 4200 4204 4169 4193 3622 3600 3423 3452 3400 3405 2828 2800 2630 2668 2600 2607 2039 2000 1843 1897 1800 1811 1170 1100 984 1081 900 921 447 200 400 600 0 200 806 650 984 1081 850 873 1552 1500 1746 1802 1700 1711 7252 7107 7050 7107 7276 7514 7827 8180 8585 8864 9194 8750 8916 9084 8825 8454 8552 8727 8353 8094 8454 8007 8189 8371 7771 8146 7702 7890 8079 7520 7907 7470 7664 7858 7332 7728 7305 7504 7702 7252 7652 7250 7450 7650 7283 7677 7305 7498 7697 7403 7795 7446 7641 
5103 5103 4904 4916 4904 4900 4404 4354 4204 4200 4154 4169 3605 3605 3405 3423 3405 3400 2807 2807 2607 2630 2607 2600 2009 2009 1811 1843 1811 1800 1118 1118 921 984 921 900 282 282 200 400 200 0 728 680 921 984 873 850 1513 1513 1711 1746 1711 1700 7446 7305 7250 7305 7470 7702 8007 8353 8750 9028 9361 8916 9084 9253 8999 8626 8727 8902 8527 8274 8636 8189 8371 8554 7958 8334 7890 8079 8269 7713 8100 7664 7858 8053 7530 7926 7504 7702 7901 7452 7852 7450 7650 7850 7482 7876 7504 7697 7895 7599 7992 7641 7836 
5800 5813 5600 5603 5614 5603 5115 5050 4916 4904 4850 4854 4300 4318 4100 4104 4119 4104 3500 3522 3300 3306 3324 3306 2700 2729 2500 2507 2531 2507 1800 1843 1600 1612 1649 1612 900 984 700 728 806 728 0 403 200 282 427 250 800 894 1000 1019 1077 1019 7516 7452 7482 7619 7858 8148 8503 8889 9320 9600 9921 9480 9642 9806 9529 9166 9253 9424 9057 8775 9126 8679 8856 9033 8412 8777 8331 8515 8700 8112 8490 8048 8238 8429 7858 8248 7815 8011 8207 7702 8100 7681 7881 8080 7650 8050 7652 7851 8051 7691 8089 7715 7913 
5763 5750 5564 5582 5550 5553 5050 5015 4850 4854 4816 4837 4268 4250 4069 4094 4050 4054 3473 3450 3274 3304 3250 3256 2680 2650 2482 2522 2450 2458 1795 1750 1600 1662 1550 1562 939 850 763 884 650 680 403 0 471 650 200 282 939 850 1123 1209 1050 1068 7127 7054 7079 7218 7463 7763 8130 8528 8972 9253 9570 9130 9290 9451 9166 8806 8889 9057 8694 8403 8751 8304 8479 8655 8029 8391 7945 8128 8311 7719 8095 7652 7842 8032 7458 7847 7413 7609 7805 7299 7697 7279 7478 7677 7250 7650 7254 7452 7652 7299 7697 7325 7523 
6000 6013 5800 5803 5813 5803 5315 5250 5115 5103 5050 5053 4500 4517 4300 4304 4318 4304 3700 3721 3500 3505 3522 3505 2900 2927 2700 2707 2729 2707 2000 2039 1800 1811 1843 1811 1100 1170 900 921 984 921 200 471 0 200 403 206 600 721 800 824 894 824 7492 7450 7504 7664 7924 8231 8601 9000 9441 9722 10040 9600 9760 9921 9638 9278 9361 9529 9166 8875 9222 8775 8950 9126 8497 8859 8412 8594 8777 8181 8556 8112 8301 8490 7907 8294 7858 8053 8248 7728 8124 7702 7901 8100 7652 8053 7650 7850 8050 7673 8072 7691 7890 
6003 6029 5803 5800 5830 5813 5333 5253 5135 5115 5053 5050 4504 4539 4304 4300 4341 4318 3705 3748 3505 3500 3551 3522 2906 2961 2707 2700 2765 2729 2009 2088 1811 1800 1897 1843 1118 1252 921 900 1081 984 282 650 200 0 602 403 632 848 824 800 1000 894 7691 7650 7702 7858 8112 8412 8775 9166 9600 9880 10201 9760 9921 10084 9805 9443 9529 9699 9334 9048 9397 8950 9126 9303 8678 9041 8594 8777 8961 8368 8744 8301 8490 8680 8100 8488 8053 8248 8444 7926 8323 7901 8100 8298 7852 8253 7850 8050 8250 7872 8271 7890 8089 
5963 5950 5763 5781 5750 5753 5250 5215 5050 5053 5015 5035 4467 4450 4268 4292 4250 4254 3671 3650 3473 3501 3450 3455 2877 2850 2680 2717 2650 2657 1990 1950 1795 1850 1750 1761 1123 1050 939 1040 850 873 427 200 403 602 0 200 763 650 939 1040 850 873 7101 7050 7101 7263 7531 7848 8231 8643 9097 9378 9691 9253 9410 9570 9278 8922 9000 9166 8806 8506 8850 8403 8577 8751 8116 8476 8029 8210 8391 7790 8163 7719 7907 8095 7507 7894 7458 7652 7847 7325 7721 7299 7498 7697 7251 7652 7250 7450 7650 7279 7677 7299 7498 
5953 5953 5753 5763 5753 5750 5253 5203 5053 5050 5003 5015 4454 4454 4254 4268 4254 4250 3655 3655 3455 3473 3455 3450 2857 2857 2657 2680 2657 2650 1960 1960 1761 1795 1761 1750 1068 1068 873 939 873 850 250 282 206 403 200 0 680 680 873 939 873 850 7299 7250 7299 7458 7719 8029 8403 8806 9253 9534 9850 9410 9570 9730 9443 9085 9166 9334 8972 8677 9023 8577 8751 8926 8296 8657 8210 8391 8574 7976 8351 7907 8095 8285 7700 8088 7652 7847 8042 7523 7919 7498 7697 7895 7451 7852 7450 7650 7850 7478 7876 7498 7697 
6600 6612 6400 6403 6412 6403 5913 5850 5714 5703 5650 5653 5100 5115 4900 4904 4916 4904 4300 4318 4100 4104 4119 4104 3500 3522 3300 3306 3324 3306 2600 2630 2400 2408 2433 2408 1700 1746 1500 1513 1552 1513 800 939 600 632 763 680 0 400 200 282 447 282 7452 7474 7599 7827 8148 8503 8916 9350 9821 10103 10409 9974 10128 10284 9980 9630 9701 9863 9510 9194 9529 9084 9253 9424 8775 9126 8679 8856 9033 8412 8777 8331 8515 8700 8079 8459 8017 8208 8400 7836 8227 7795 7992 8188 7691 8094 7673 7876 8076 7650 8050 7652 7852 
6612 6600 6412 6428 6400 6403 5900 5863 5700 5703 5664 5681 5115 5100 4916 4936 4900 4904 4318 4300 4119 4143 4100 4104 3522 3500 3324 3354 3300 3306 2630 2600 2433 2473 2400 2408 1746 1700 1552 1615 1500 1513 894 850 721 848 650 680 400 0 447 632 200 282 7052 7075 7207 7447 7784 8155 8585 9034 9521 9804 10103 9670 9821 9974 9660 9315 9380 9540 9191 8864 9194 8750 8916 9084 8429 8775 8329 8503 8679 8050 8412 7965 8148 8331 7702 8079 7636 7827 8017 7446 7836 7403 7599 7795 7294 7697 7274 7478 7677 7250 7650 7252 7452 
6800 6811 6600 6603 6612 6603 6113 6050 5913 5903 5850 5853 5300 5315 5100 5103 5115 5103 4500 4517 4300 4304 4318 4304 3700 3721 3500 3505 3522 3505 2800 2828 2600 2607 2630 2607 1900 1941 1700 1711 1746 1711 1000 1123 800 824 939 873 200 447 0 200 400 200 7450 7492 7641 7890 8231 8601 9028 9472 9953 10235 10537 10103 10255 10409 10100 9753 9820 9980 9630 9306 9638 9194 9361 9529 8875 9222 8775 8950 9126 8497 8859 8412 8594 8777 8146 8523 8079 8269 8459 7882 8271 7836 8031 8227 7715 8118 7691 7895 8094 7652 8052 7650 7850 
6802 6826 6603 6600 6627 6612 6129 6053 5930 5913 5853 5850 5303 5333 5103 5100 5135 5115 4504 4539 4304 4300 4341 4318 3705 3748 3505 3500 3551 3522 2807 2863 2607 2600 2668 2630 1910 1992 1711 1700 1802 1746 1019 1209 824 800 1040 939 282 632 200 0 600 400 7650 7691 7836 8079 8412 8775 9194 9630 10103 10385 10691 10255 10409 10565 10260 9910 9980 10142 9790 9471 9805 9361 9529 9699 9048 9397 8950 9126 9303 8678 9041 8594 8777 8961 8334 8712 8269 8459 8650 8076 8465 8031 8227 8423 7913 8316 7890 8094 8293 7852 8252 7850 8050 
6811 6800 6612 6627 6600 6603 6100 6063 5900 5903 5863 5880 5315 5300 5115 5135 5100 5103 4517 4500 4318 4341 4300 4304 3721 3700 3522 3551 3500 3505 2828 2800 2630 2668 2600 2607 1941 1900 1746 1802 1700 1711 1077 1050 894 1000 850 873 447 200 400 600 0 200 7050 7095 7252 7514 7870 8257 8701 9161 9657 9939 10235 9804 9953 10103 9784 9442 9503 9660 9315 8980 9306 8864 9028 9194 8533 8875 8429 8601 8775 8139 8497 8050 8231 8412 7771 8146 7702 7890 8079 7494 7882 7446 7641 7836 7318 7721 7294 7498 7697 7252 7652 7250 7450 
6802 6802 6603 6612 6603 6600 6103 6053 5903 5900 5853 5863 5303 5303 5103 5115 5103 5100 4504 4504 4304 4318 4304 4300 3705 3705 3505 3522 3505 3500 2807 2807 2607 2630 2607 2600 1910 1910 1711 1746 1711 1700 1019 1068 824 894 873 850 282 282 200 400 200 0 7250 7294 7446 7702 8050 8429 8864 9315 9804 10086 10385 9953 10103 10255 9941 9597 9660 9820 9472 9142 9471 9028 9194 9361 8703 9048 8601 8775 8950 8318 8678 8231 8412 8594 7958 8334 7890 8079 8269 7688 8076 7641 7836 8031 7516 7919 7492 7697 7895 7452 7852 7450 7650 
10086 9795 9953 10103 9657 9804 9322 9597 9193 9347 9472 9630 9142 8820 9028 9194 8701 8864 8703 8363 8601 8775 8257 8429 8318 7961 8231 8412 7870 8050 7958 7585 7890 8079 7514 7702 7688 7301 7641 7836 7252 7446 7516 7127 7492 7691 7101 7299 7452 7052 7450 7650 7050 7250 0 800 1700 2600 3500 4300 5100 5850 6600 6802 6826 6603 6612 6627 6129 6053 5913 5930 5853 5303 5333 5103 5115 5135 4504 4539 4304 4318 4341 3705 3748 3505 3522 3551 2807 2863 2607 2630 2668 1910 1992 1711 1746 1802 1019 1209 824 939 1040 282 632 200 400 
9565 9257 9441 9600 9129 9284 8820 9114 8701 8864 9000 9166 8703 8363 8601 8775 8257 8429 8318 7961 8231 8412 7870 8050 7994 7623 7924 8112 7549 7736 7713 7328 7664 7858 7276 7470 7530 7135 7504 7702 7107 7305 7452 7054 7450 7650 7050 7250 7474 7075 7492 7691 7095 7294 800 0 900 1800 2700 3500 4300 5050 5800 6003 6029 5803 5813 5830 5333 5253 5115 5135 5053 4504 4539 4304 4318 4341 3705 3748 3505 3522 3551 2906 2961 2707 2729 2765 2009 2088 1811 1843 1897 1118 1252 921 984 1081 282 650 200 403 602 632 848 824 894 
9028 8701 8916 9084 8585 8750 8310 8626 8206 8378 8527 8703 8274 7915 8189 8371 7827 8007 7958 7585 7890 8079 7514 7702 7713 7328 7664 7858 7276 7470 7530 7135 7504 7702 7107 7305 7452 7052 7450 7650 7050 7250 7482 7079 7504 7702 7101 7299 7599 7207 7641 7836 7252 7446 1700 900 0 900 1800 2600 3400 4150 4900 5103 5135 4904 4916 4936 4440 4354 4219 4242 4154 3605 3649 3405 3423 3452 2807 2863 2607 2630 2668 2009 2088 1811 1843 1897 1118 1252 921 984 1081 282 632 200 400 600 728 884 921 939 1040 1513 1615 1711 1746 
8552 8206 8455 8632 8105 8280 7870 8210 7784 7965 8128 8311 7924 7549 7858 8048 7480 7668 7688 7301 7641 7836 7252 7446 7530 7135 7504 7702 7107 7305 7452 7052 7450 7650 7050 7250 7482 7084 7504 7702 7107 7305 7619 7218 7664 7858 7263 7458 7827 7447 7890 8079 7514 7702 2600 1800 900 0 900 1700 2500 3250 4000 4204 4242 4004 4019 4044 3551 3455 3324 3354 3256 2707 2765 2507 2531 2570 1910 1992 1711 1746 1802 1118 1252 921 984 1081 282 632 200 400 600 728 921 921 984 1081 1612 1662 1811 1795 1850 2408 2473 2607 2630 
8148 7784 8069 8254 7701 7884 7514 7874 7447 7636 7811 8002 7664 7276 7619 7815 7229 7424 7516 7120 7492 7691 7095 7294 7452 7052 7450 7650 7050 7250 7482 7084 7504 7702 7107 7305 7619 7229 7664 7858 7276 7470 7858 7463 7924 8112 7531 7719 8148 7784 8231 8412 7870 8050 3500 2700 1800 900 0 800 1600 2350 3100 3306 3354 3106 3125 3157 2668 2557 2433 2473 2358 1811 1897 1612 1649 1708 1019 1166 824 894 1000 282 632 200 400 600 728 921 921 984 1081 1612 1708 1811 1843 1897 2507 2522 2707 2680 2717 3306 3354 3505 3522 
7858 7480 7796 7988 7415 7606 7276 7652 7229 7424 7609 7805 7516 7120 7492 7691 7095 7294 7452 7052 7450 7650 7050 7250 7474 7075 7492 7691 7095 7294 7599 7207 7641 7836 7252 7446 7827 7447 7890 8079 7514 7702 8148 7763 8231 8412 7848 8029 8503 8155 8601 8775 8257 8429 4300 3500 2600 1700 800 0 800 1550 2300 2507 2570 2308 2334 2376 1897 1761 1649 1708 1562 1019 1166 824 894 1000 282 632 200 400 600 632 848 824 894 1000 1513 1615 1711 1746 1802 2408 2473 2607 2630 2668 3306 3304 3505 3473 3501 4104 4143 4304 4318 
7641 7252 7599 7795 7207 7403 7120 7510 7095 7294 7487 7686 7452 7052 7450 7650 7050 7250 7474 7075 7492 7691 7095 7294 7580 7187 7619 7815 7229 7424 7796 7415 7858 8048 7480 7668 8108 7742 8189 8371 7827 8007 8503 8130 8601 8775 8231 8403 8916 8585 9028 9194 8701 8864 5100 4300 3400 2500 1600 800 0 750 1500 1711 1802 1513 1552 1615 1166 970 894 1000 776 282 632 200 400 600 632 848 824 894 1000 1414 1523 1612 1649 1708 2308 2376 2507 2531 2570 3206 3255 3405 3423 3452 4104 4094 4304 4268 4292 4904 4936 5103 5115 
7510 7113 7487 7686 7089 7288 7054 7452 7050 7250 7450 7650 7470 7071 7487 7686 7089 7288 7571 7178 7609 7805 7218 7413 7754 7370 7811 8002 7431 7621 8050 7681 8128 8311 7763 7945 8432 8081 8527 8703 8180 8353 8889 8528 9000 9166 8643 8806 9350 9034 9472 9630 9161 9315 5850 5050 4150 3250 2350 1550 750 0 750 970 1123 776 850 960 650 282 403 602 200 585 813 776 850 960 1364 1477 1562 1600 1662 2159 2232 2358 2383 2425 3056 3108 3256 3274 3304 3955 3995 4154 4169 4193 4854 4837 5053 5015 5035 5653 5681 5853 5863 
7452 7052 7450 7650 7050 7250 7067 7470 7084 7283 7487 7686 7562 7168 7599 7795 7207 7403 7740 7356 7796 7988 7415 7606 7994 7623 8069 8254 7701 7884 8363 8008 8455 8632 8105 8280 8808 8473 8916 9084 8585 8750 9320 8972 9441 9600 9097 9253 9821 9521 9953 10103 9657 9804 6600 5800 4900 4000 3100 2300 1500 750 0 282 632 200 400 600 781 585 806 921 776 1315 1431 1513 1552 1615 2109 2184 2308 2334 2376 2906 2961 3106 3125 3157 3805 3847 4004 4019 4044 4704 4738 4904 4916 4936 5603 5582 5803 5763 5781 6403 6428 6603 6612 
7650 7250 7652 7852 7252 7452 7283 7686 7305 7504 7708 7907 7795 7403 7836 8031 7446 7641 7988 7606 8048 8238 7668 7858 8254 7884 8331 8515 7965 8148 8632 8280 8727 8902 8378 8552 9084 8750 9194 9361 8864 9028 9600 9253 9722 9880 9378 9534 10103 9804 10235 10385 9939 10086 6802 6003 5103 4204 3306 2507 1711 970 282 0 400 200 282 447 806 750 921 984 950 1500 1552 1700 1711 1746 2300 2334 2500 2507 2531 3100 3125 3300 3306 3324 4000 4019 4200 4204 4219 4900 4916 5100 5103 5115 5800 5763 6000 5953 5963 6600 6612 6800 6802 
8050 7650 8052 8252 7652 7852 7681 8084 7702 7901 8105 8304 8188 7795 8227 8423 7836 8031 8372 7988 8429 8620 8048 8238 8626 8254 8700 8885 8331 8515 8989 8632 9079 9257 8727 8902 9424 9084 9529 9699 9194 9361 9921 9570 10040 10201 9691 9850 10409 10103 10537 10691 10235 10385 6826 6029 5135 4242 3354 2570 1802 1123 632 400 0 447 282 200 700 850 921 900 1030 1552 1500 1746 1711 1700 2334 2300 2531 2507 2500 3125 3100 3324 3306 3300 4019 4000 4219 4204 4200 4916 4900 5115 5103 5100 5813 5750 6013 5953 5950 6612 6600 6811 6802 
7652 7252 7650 7850 7250 7450 7267 7669 7283 7482 7686 7885 7759 7365 7795 7992 7403 7599 7933 7548 7988 8180 7606 7796 8181 7808 8254 8439 7884 8069 8541 8185 8632 8810 8280 8455 8978 8640 9084 9253 8750 8916 9480 9130 9600 9760 9253 9410 9974 9670 10103 10255 9804 9953 6603 5803 4904 4004 3106 2308 1513 776 200 200 447 0 200 400 640 550 728 806 750 1300 1360 1500 1513 1552 2100 2137 2300 2308 2334 2900 2927 3100 3106 3125 3800 3820 4000 4004 4019 4700 4716 4900 4904 4916 5600 5564 5800 5753 5763 6400 6412 6600 6603 
7852 7452 7850 8050 7450 7650 7466 7869 7482 7681 7885 8084 7956 7562 7992 8188 7599 7795 8126 7740 8180 8372 7796 7988 8368 7994 8439 8626 8069 8254 8721 8363 8810 8989 8455 8632 9149 8808 9253 9424 8916 9084 9642 9290 9760 9921 9410 9570 10128 9821 10255 10409 9953 10103 6612 5813 4916 4019 3125 2334 1552 850 400 282 282 200 0 200 538 585 700 728 776 1315 1315 1513 1500 1513 2109 2109 2308 2300 2308 2906 2906 3106 3100 3106 3805 3805 4004 4000 4004 4704 4704 4904 4900 4904 5603 5553 5803 5750 5753 6403 6403 6603 6600 
8052 7652 8050 8250 7650 7850 7666 8068 7681 7881 8084 8284 8154 7759 8188 8385 7795 7992 8319 7933 8372 8564 7988 8180 8556 8181 8626 8813 8254 8439 8901 8541 8989 9168 8632 8810 9321 8978 9424 9595 9084 9253 9806 9451 9921 10084 9570 9730 10284 9974 10409 10565 10103 10255 6627 5830 4936 4044 3157 2376 1615 960 600 447 200 400 200 0 500 680 728 700 850 1360 1300 1552 1513 1500 2137 2100 2334 2308 2300 2927 2900 3125 3106 3100 3820 3800 4019 4004 4000 4716 4700 4916 4904 4900 5614 5550 5813 5753 5750 6412 6400 6612 6603 
8080 7681 8065 8265 7666 7865 7650 8050 7652 7852 8053 8253 8089 7691 8111 8310 7715 7913 8207 7815 8248 8444 7858 8053 8400 8017 8459 8650 8079 8269 8700 8331 8777 8961 8412 8594 9079 8727 9174 9350 8825 8999 9529 9166 9638 9805 9278 9443 9980 9660 10100 10260 9784 9941 6129 5333 4440 3551 2668 1897 1166 650 781 806 700 640 538 500 0 403 282 200 471 894 800 1077 1019 1000 1649 1600 1843 1811 1800 2433 2400 2630 2607 2600 3324 3300 3522 3505 3500 4219 4200 4418 4404 4400 5115 5050 5315 5253 5250 5913 5900 6113 6103 
7686 7288 7669 7869 7270 7470 7250 7650 7251 7451 7652 7852 7686 7288 7708 7907 7311 7510 7805 7413 7847 8042 7458 7652 8002 7621 8063 8253 7685 7874 8311 7945 8391 8574 8029 8210 8703 8353 8800 8974 8454 8626 9166 8806 9278 9443 8922 9085 9630 9315 9753 9910 9442 9597 6053 5253 4354 3455 2557 1761 970 282 585 750 850 550 585 680 403 0 250 427 200 750 850 950 970 1030 1550 1600 1750 1761 1795 2350 2383 2550 2557 2581 3250 3274 3450 3455 3473 4150 4169 4350 4354 4368 5050 5015 5250 5203 5215 5850 5863 6050 6053 
7901 7504 7881 8080 7482 7681 7452 7851 7450 7650 7850 8050 7872 7474 7890 8089 7492 7691 7973 7580 8011 8207 7619 7815 8152 7768 8208 8400 7827 8017 8439 8069 8515 8700 8148 8331 8810 8455 8902 9079 8552 8727 9253 8889 9361 9529 9000 9166 9701 9380 9820 9980 9503 9660 5913 5115 4219 3324 2433 1649 894 403 806 921 921 728 700 728 282 250 0 200 206 632 632 824 800 824 1414 1414 1612 1600 1612 2209 2209 2408 2400 2408 3106 3106 3306 3300 3306 4004 4004 4204 4200 4204 4904 4854 5103 5050 5053 5703 5703 5903 5900 
8100 7702 8080 8279 7681 7881 7652 8051 7650 7850 8050 8250 8072 7673 8089 8288 7691 7890 8170 7777 8207 8403 7815 8011 8345 7960 8400 8592 8017 8208 8626 8254 8700 8885 8331 8515 8989 8632 9079 9257 8727 8902 9424 9057 9529 9699 9166 9334 9863 9540 9980 10142 9660 9820 5930 5135 4242 3354 2473 1708 1000 602 921 984 900 806 728 700 200 427 200 0 403 721 600 894 824 800 1456 1400 1649 1612 1600 2236 2200 2433 2408 2400 3125 3100 3324 3306 3300 4019 4000 4219 4204 4200 4916 4850 5115 5053 5050 5714 5700 5913 5903 
7708 7311 7686 7885 7288 7487 7254 7652 7250 7450 7650 7850 7669 7270 7686 7885 7288 7487 7768 7374 7805 8001 7413 7609 7946 7562 8002 8194 7621 7811 8235 7865 8311 8496 7945 8128 8609 8256 8703 8879 8353 8527 9057 8694 9166 9334 8806 8972 9510 9191 9630 9790 9315 9472 5853 5053 4154 3256 2358 1562 776 200 776 950 1030 750 776 850 471 200 206 403 0 550 680 750 776 850 1350 1408 1550 1562 1600 2150 2186 2350 2358 2383 3050 3076 3250 3256 3274 3950 3970 4150 4154 4169 4850 4816 5050 5003 5015 5650 5664 5850 5853 
7795 7403 7759 7956 7365 7562 7294 7686 7274 7474 7669 7869 7650 7250 7652 7852 7252 7452 7691 7294 7715 7913 7318 7516 7815 7424 7858 8053 7470 7664 8048 7668 8112 8301 7736 7924 8371 8007 8454 8636 8094 8274 8775 8403 8875 9048 8506 8677 9194 8864 9306 9471 8980 9142 5303 4504 3605 2707 1811 1019 282 585 1315 1500 1552 1300 1315 1360 894 750 632 721 550 0 400 200 282 447 800 894 1000 1019 1077 1600 1649 1800 1811 1843 2500 2531 2700 2707 2729 3400 3423 3600 3605 3622 4300 4268 4500 4454 4467 5100 5115 5300 5303 
8188 7795 8154 8351 7759 7956 7691 8084 7673 7872 8068 8268 8050 7650 8052 8252 7652 7852 8089 7691 8111 8310 7715 7913 8207 7815 8248 8444 7858 8053 8429 8048 8490 8680 8112 8301 8738 8371 8818 9001 8454 8636 9126 8751 9222 9397 8850 9023 9529 9194 9638 9805 9306 9471 5333 4539 3649 2765 1897 1166 632 813 1431 1552 1500 1360 1315 1300 800 850 632 600 680 400 0 447 282 200 894 800 1077 1019 1000 1649 1600 1843 1811 1800 2531 2500 2729 2707 2700 3423 3400 3622 3605 3600 4318 4250 4517 4454 4450 5115 5100 5315 5303 
7836 7446 7795 7992 7403 7599 7318 7708 7294 7492 7686 7885 7652 7252 7650 7850 7250 7450 7673 7274 7691 7890 7294 7492 7777 7383 7815 8011 7424 7619 7988 7606 8048 8238 7668 7858 8292 7924 8371 8554 8007 8189 8679 8304 8775 8950 8403 8577 9084 8750 9194 9361 8864 9028 5103 4304 3405 2507 1612 824 200 776 1513 1700 1746 1500 1513 1552 1077 950 824 894 750 200 447 0 200 400 600 721 800 824 894 1400 1456 1600 1612 1649 2300 2334 2500 2507 2531 3200 3224 3400 3405 3423 4100 4069 4300 4254 4268 4900 4916 5100 5103 
