0 312 750 1062 2062 1481 1000 252 5440 5736 6328 6625 6922 6464 6563 5497 5613 4456 4278 3929 3758 2562 2728 2329 2133 2317 1300 1600 1900 2191 1937 1698 2728 2456 2200 2400 2747 2534 2905 3093 4163 4281 4440 4603 4769 5890 6164 6441 6719 6999 7281 5892 5996 5085 3481 3821 4194 4048 3146 3892 3524 4033 5532 5670 5255 4998 5963 5810 5950 6091 6233 6376 6519 6662 6806 6951 7096 7242 7388 7535 6796 6849 6219 6819 7426 7626 7683 8255 8924 8200 8469 7681 7829 7976 8124 8272 8421 8569 8718 8867 9211 9520 9659 10439 11297 11206 11116 11027 10940 10854 10770 10688 10607 10528 9160 9177 9198 9220 9246 9274 9304 9337 9373 9411 
312 0 438 750 1794 1268 1049 553 5748 6044 6637 6934 7231 6768 6862 5798 5907 4736 4556 4200 4025 2811 2962 2526 2347 2472 1338 1631 1926 2054 1780 1516 2619 2334 2223 2421 2917 2717 3126 3301 4410 4531 4696 4863 5032 6175 6452 6730 7011 7292 7576 6156 6257 5330 3599 3925 4293 4093 3125 3875 3501 3957 5394 5536 5167 4920 5926 5679 5822 5966 6111 6256 6402 6548 6695 6842 6990 7137 7286 7434 6751 6818 6190 6803 7570 7791 7852 8449 9113 8350 8574 7583 7732 7881 8031 8181 8331 8481 8632 8782 9303 9657 9820 10628 11485 11390 11297 11206 11116 11027 10940 10854 10770 10688 9132 9145 9160 9177 9198 9220 9246 9274 9304 9337 
750 438 0 312 1446 1057 1254 987 6180 6477 7071 7368 7666 7195 7284 6221 6324 5137 4953 4590 4411 3178 3313 2839 2680 2735 1504 1770 2045 1930 1636 1344 2523 2226 2326 2516 3191 3010 3461 3620 4769 4895 5065 5237 5411 6580 6859 7140 7422 7706 7991 6533 6630 5685 3802 4106 4464 4194 3148 3893 3515 3892 5226 5372 5074 4842 5901 5519 5667 5815 5963 6112 6261 6411 6560 6710 6861 7011 7162 7313 6711 6800 6175 6803 7789 8036 8104 8734 9389 8576 8737 7464 7616 7767 7919 8071 8223 8375 8528 8680 9447 9861 10057 10903 11756 11658 11562 11466 11372 11280 11188 11098 11010 10923 9112 9117 9124 9135 9147 9163 9181 9202 9225 9251 
1062 750 312 0 1233 1000 1463 1297 6488 6785 7380 7677 7975 7500 7585 6524 6622 5426 5240 4873 4691 3450 3575 3080 2934 2947 1683 1924 2180 1900 1600 1300 2500 2200 2445 2627 3407 3238 3712 3860 5032 5161 5334 5509 5686 6870 7151 7434 7718 8003 8289 6806 6900 5944 3970 4258 4608 4293 3201 3936 3558 3875 5126 5275 5030 4811 5903 5425 5575 5725 5876 6027 6178 6329 6481 6633 6785 6937 7089 7242 6700 6804 6183 6821 7956 8221 8293 8945 9593 8747 8866 7394 7547 7700 7853 8006 8160 8313 8467 8620 9561 10016 10235 11105 11956 11856 11756 11658 11562 11466 11372 11280 11188 11098 9110 9110 9112 9117 9124 9135 9147 9163 9181 9202 
2062 1794 1446 1233 0 725 1825 2228 7175 7475 8075 8375 8675 8118 8152 7121 7160 5889 5693 5300 5103 3855 3905 3324 3265 3054 1853 1929 2046 1175 957 794 1688 1423 2198 2315 3492 3400 3970 4049 5312 5455 5646 5838 6030 7325 7619 7913 8208 8503 8799 7115 7187 6174 3780 3982 4278 3790 2593 3242 2887 2983 3996 4149 4029 3848 5015 4302 4456 4610 4764 4918 5072 5227 5381 5536 5690 5845 6000 6154 5764 5910 5309 5968 7646 7991 8081 8835 9444 8443 8377 6309 6464 6619 6774 6929 7084 7239 7395 7550 9008 9630 9947 10934 11765 11653 11542 11432 11322 11215 11108 11002 10898 10794 8180 8165 8153 8144 8138 8135 8135 8138 8144 8153 
1481 1268 1057 1000 725 0 1100 1601 6450 6750 7350 7650 7950 7393 7429 6396 6438 5172 4976 4585 4390 3137 3197 2625 2552 2381 1140 1252 1421 900 600 300 1500 1200 1627 1780 2831 2718 3274 3368 4620 4760 4949 5138 5328 6610 6903 7197 7491 7786 8081 6422 6499 5495 3217 3460 3785 3387 2245 2965 2589 2875 4169 4315 4034 3811 4905 4462 4610 4758 4906 5055 5205 5355 5505 5655 5806 5957 6108 6260 5700 5806 5186 5828 7161 7470 7553 8267 8893 7957 7986 6411 6563 6715 6868 7020 7173 7326 7478 7631 8657 9187 9456 10394 11234 11127 11021 10916 10812 10709 10608 10508 10410 10313 8111 8110 8111 8116 8124 8135 8149 8166 8186 8208 
1000 1049 1254 1463 1825 1100 0 927 5350 5650 6250 6550 6850 6296 6339 5301 5351 4098 3905 3520 3328 2071 2160 1629 1510 1485 300 600 900 1421 1252 1140 1860 1627 1200 1400 1944 1776 2272 2406 3611 3745 3926 4109 4294 5543 5833 6124 6415 6708 7001 5404 5490 4511 2560 2878 3245 3054 2157 2899 2535 3087 4673 4804 4317 4049 4977 4936 5070 5205 5341 5478 5617 5756 5896 6036 6178 6320 6463 6606 5814 5858 5229 5823 6543 6783 6850 7485 8137 7327 7525 6750 6894 7039 7185 7331 7477 7624 7771 7918 8253 8622 8805 9650 10503 10405 10308 10212 10118 10026 9935 9845 9758 9672 8167 8187 8209 8235 8264 8295 8329 8366 8406 8448 
252 553 987 1297 2228 1601 927 0 5195 5491 6084 6381 6679 6215 6312 5247 5361 4203 4026 3678 3508 2321 2492 2114 1910 2130 1220 1516 1814 2235 2001 1787 2741 2483 2112 2310 2549 2328 2676 2870 3921 4037 4195 4356 4520 5638 5912 6188 6467 6747 7029 5644 5749 4843 3314 3662 4038 3930 3083 3822 3461 4009 5556 5692 5237 4972 5903 5828 5965 6104 6243 6382 6523 6664 6806 6949 7092 7235 7379 7524 6741 6781 6152 6741 7235 7423 7477 8035 8706 8005 8302 7669 7814 7960 8106 8253 8400 8547 8695 8842 9053 9333 9457 10221 11080 10990 10902 10815 10729 10645 10563 10482 10403 10326 9088 9109 9134 9161 9190 9222 9257 9294 9334 9375 
5440 5748 6180 6488 7175 6450 5350 5195 0 300 900 1200 1500 1089 1325 579 952 1730 1892 2236 2415 3441 3499 4081 4031 4468 5361 5389 5433 6519 6482 6459 6633 6570 5494 5543 4222 4145 3573 3663 2705 2589 2440 2299 2167 1500 1529 1615 1749 1920 2121 2314 2457 2684 4778 5014 5185 5806 6124 6428 6312 7105 8854 8925 8065 7770 7953 8998 9073 9150 9229 9310 9392 9477 9564 9652 9742 9833 9926 10021 8678 8506 8031 8290 6057 5784 5724 5583 6225 6481 7555 10117 10215 10314 10415 10517 10620 10724 10830 10937 8381 7788 7416 7476 8266 8243 8222 8204 8190 8178 8169 8163 8160 8160 10318 10414 10512 10611 10711 10813 10916 11020 11125 11232 
5736 6044 6477 6785 7475 6750 5650 5491 300 0 600 900 1200 849 1137 686 1021 1976 2148 2505 2688 3736 3789 4373 4327 4759 5660 5687 5729 6816 6781 6759 6925 6864 5786 5833 4506 4433 3858 3941 2947 2825 2666 2514 2368 1529 1500 1529 1615 1749 1920 2387 2524 2855 5042 5269 5429 6062 6405 6697 6588 7379 9124 9192 8326 8032 8190 9263 9336 9411 9488 9566 9647 9729 9814 9900 9987 10077 10167 10260 8905 8726 8261 8506 6165 5867 5800 5607 6234 6559 7665 10354 10449 10546 10645 10744 10845 10948 11051 11156 8486 7845 7443 7447 8224 8206 8191 8178 8169 8163 8160 8160 8163 8168 10504 10603 10703 10805 10908 11012 11117 11224 11331 11440 
6328 6637 7071 7380 8075 7350 6250 6084 900 600 0 300 600 575 950 1131 1361 2505 2688 3060 3249 4327 4373 4961 4921 5344 6259 6283 6321 7411 7378 7358 7511 7455 6373 6415 5079 5014 4433 4506 3457 3327 3156 2988 2825 1749 1615 1529 1500 1529 1615 2632 2751 3252 5582 5792 5933 6586 6972 7241 7145 7933 9668 9733 8855 8564 8675 9800 9869 9939 10012 10087 10163 10242 10322 10403 10487 10572 10659 10747 9371 9180 8735 8951 6418 6073 5993 5702 6297 6750 7915 10837 10928 11021 11115 11210 11307 11405 11505 11606 8723 7991 7531 7425 8171 8164 8160 8160 8162 8167 8175 8187 8201 8218 10892 10996 11101 11207 11315 11423 11533 11644 11756 11868 
6625 6934 7368 7677 8375 7650 6550 6381 1200 900 300 0 300 637 989 1398 1590 2780 2967 3344 3534 4624 4667 5257 5218 5638 6559 6582 6618 7708 7677 7658 7805 7751 6668 6708 5367 5306 4723 4791 3723 3589 3414 3241 3071 1920 1749 1615 1529 1500 1529 2795 2905 3473 5856 6059 6192 6853 7258 7517 7426 8213 9943 10006 9123 8833 8923 10071 10138 10207 10278 10350 10425 10501 10579 10659 10741 10824 10908 10995 9610 9413 8977 9180 6561 6195 6109 5773 6349 6864 8054 11082 11172 11262 11355 11448 11543 11639 11737 11835 8854 8079 7592 7432 8160 8160 8162 8167 8175 8186 8200 8217 8236 8259 11093 11199 11306 11415 11525 11635 11747 11860 11973 12088 
6922 7231 7666 7975 8675 7950 6850 6679 1500 1200 600 300 0 813 1110 1676 1839 3060 3249 3630 3822 4921 4961 5552 5516 5932 6858 6880 6915 8006 7976 7957 8099 8047 6963 7001 5657 5599 5014 5079 3993 3857 3678 3501 3327 2121 1920 1749 1615 1529 1500 2980 3080 3705 6132 6329 6454 7122 7545 7794 7708 8494 10219 10280 9392 9104 9174 10343 10409 10476 10545 10616 10688 10763 10839 10917 10997 11078 11160 11245 9852 9650 9222 9413 6715 6329 6238 5858 6415 6988 8202 11331 11418 11507 11597 11689 11782 11876 11971 12068 8994 8178 7665 7451 8161 8166 8174 8185 8199 8215 8235 8257 8283 8311 11298 11407 11516 11627 11738 11851 11965 12079 12195 12311 
6464 6768 7195 7500 8118 7393 6296 6215 1089 849 575 637 813 0 375 1000 1068 2348 2544 2938 3136 4301 4314 4912 4901 5278 6279 6275 6286 7384 7375 7378 7439 7405 6311 6335 4973 4936 4341 4383 3242 3101 2915 2731 2549 1308 1116 980 925 965 1089 2170 2275 2900 5391 5571 5679 6361 6839 7053 6985 7764 9471 9528 8630 8344 8382 9587 9648 9711 9776 9844 9913 9984 10057 10132 10209 10288 10368 10451 9050 8845 8424 8606 5925 5557 5472 5147 5733 6227 7418 10534 10620 10707 10795 10886 10977 11070 11165 11260 8217 7447 6972 6850 7595 7588 7585 7585 7588 7594 7603 7616 7632 7651 10485 10594 10703 10814 10925 11038 11152 11267 11383 11500 
6563 6862 7284 7585 8152 7429 6339 6312 1325 1137 950 989 1110 375 0 1068 1000 2302 2501 2901 3101 4308 4300 4900 4907 5252 6303 6282 6275 7375 7381 7399 7399 7381 6282 6294 4922 4905 4305 4326 3134 2989 2795 2603 2411 1076 832 638 550 614 795 1891 1982 2697 5282 5439 5525 6223 6761 6937 6888 7659 9344 9395 8486 8204 8192 9449 9505 9563 9623 9685 9750 9816 9885 9955 10028 10102 10178 10256 8841 8626 8223 8381 5604 5221 5132 4784 5364 5884 7091 10336 10417 10500 10585 10672 10759 10849 10940 11032 7885 7091 6605 6475 7221 7214 7210 7210 7213 7220 7229 7243 7259 7279 10217 10328 10441 10554 10668 10784 10900 11018 11136 11256 
5497 5798 6221 6524 7121 6396 5301 5247 579 686 1131 1398 1676 1000 1068 0 375 1384 1573 1958 2153 3301 3318 3915 3901 4285 5279 5275 5288 6386 6375 6378 6449 6410 5318 5347 3991 3945 3354 3407 2326 2195 2024 1860 1702 928 998 1145 1343 1575 1826 1735 1878 2170 4457 4662 4802 5456 5872 6119 6032 6817 8544 8607 7725 7435 7547 8672 8740 8809 8881 8955 9031 9110 9190 9272 9356 9442 9529 9618 8249 8064 7610 7840 5492 5209 5147 5005 5650 5905 6991 9709 9802 9896 9992 10089 10188 10288 10390 10493 7815 7209 6838 6915 7713 7686 7662 7642 7624 7610 7599 7591 7586 7585 9821 9921 10023 10125 10229 10335 10441 10549 10658 10768 
5613 5907 6324 6622 7160 6438 5351 5361 952 1021 1361 1590 1839 1068 1000 375 0 1303 1503 1902 2102 3311 3300 3900 3909 4253 5309 5283 5275 6375 6382 6403 6403 6382 5283 5298 3928 3906 3307 3334 2174 2033 1848 1666 1488 555 665 870 1119 1388 1668 1370 1510 1891 4324 4503 4617 5295 5781 5985 5920 6697 8403 8460 7564 7277 7336 8520 8581 8646 8712 8781 8852 8925 9000 9078 9157 9238 9322 9407 8020 7824 7387 7592 5144 4849 4784 4630 5275 5543 6644 9494 9582 9673 9765 9858 9953 10050 10148 10248 7465 6840 6463 6544 7344 7316 7291 7269 7251 7236 7224 7216 7211 7210 9535 9638 9742 9847 9954 10063 10172 10283 10394 10507 
4456 4736 5137 5426 5889 5172 4098 4203 1730 1976 2505 2780 3060 2348 2302 1384 1303 0 200 600 800 2034 2003 2603 2626 2950 4036 3995 3976 5075 5090 5123 5099 5078 3980 3995 2626 2603 2003 2034 976 866 742 656 625 1446 1734 2025 2319 2614 2910 1550 1685 1226 3076 3293 3455 4086 4493 4736 4648 5433 7163 7227 6352 6060 6223 7295 7365 7437 7512 7590 7670 7752 7837 7924 8013 8103 8196 8291 6953 6788 6305 6579 4698 4550 4525 4650 5341 5252 6158 8388 8486 8586 8688 8791 8896 9002 9110 9219 6996 6625 6410 6760 7605 7551 7500 7452 7406 7364 7325 7289 7256 7227 8657 8747 8839 8933 9028 9125 9223 9324 9425 9528 
4278 4556 4953 5240 5693 4976 3905 4026 1892 2148 2688 2967 3249 2544 2501 1573 1503 200 0 400 600 1838 1804 2403 2429 2751 3839 3796 3776 4876 4891 4925 4900 4879 3780 3796 2429 2403 1804 1838 832 742 656 625 656 1638 1928 2221 2515 2811 3107 1680 1808 1234 2895 3121 3295 3914 4299 4553 4459 5246 6980 7047 6177 5883 6068 7116 7187 7262 7339 7418 7500 7584 7671 7759 7850 7943 8037 8134 6807 6648 6156 6444 4674 4551 4533 4701 5395 5250 6120 8232 8333 8434 8538 8643 8750 8858 8967 9078 6958 6629 6440 6829 7678 7621 7566 7514 7465 7419 7376 7336 7299 7265 8545 8632 8722 8813 8906 9001 9097 9195 9295 9396 
3929 4200 4590 4873 5300 4585 3520 3678 2236 2505 3060 3344 3630 2938 2901 1958 1902 600 400 0 200 1449 1405 2003 2034 2351 3446 3398 3376 4476 4492 4529 4502 4479 3380 3398 2034 2003 1405 1449 642 625 656 742 866 2025 2319 2614 2910 3206 3504 1975 2090 1342 2542 2790 2990 3578 3915 4192 4085 4875 6619 6688 5830 5535 5768 6761 6837 6915 6996 7079 7165 7253 7343 7436 7530 7627 7725 7826 6524 6378 5869 6184 4650 4580 4575 4825 5521 5269 6062 7928 8032 8138 8245 8353 8464 8575 8688 8803 6899 6656 6519 6983 7838 7774 7712 7653 7596 7543 7492 7444 7400 7358 8329 8412 8496 8583 8671 8761 8853 8947 9043 9140 
3758 4025 4411 4691 5103 4390 3328 3508 2415 2688 3249 3534 3822 3136 3101 2153 2102 800 600 200 0 1257 1206 1804 1838 2151 3251 3200 3176 4276 4293 4331 4304 4279 3181 3200 1838 1804 1206 1257 626 656 742 866 1015 2221 2515 2811 3107 3404 3702 2136 2245 1436 2371 2631 2846 3415 3723 4014 3900 4691 6439 6511 5660 5363 5622 6586 6663 6743 6826 6912 6999 7090 7182 7276 7373 7472 7572 7675 6387 6248 5730 6060 4651 4607 4608 4898 5594 5290 6043 7779 7885 7992 8102 8212 8324 8438 8553 8669 6878 6679 6567 7067 7924 7857 7792 7729 7669 7612 7558 7506 7458 7412 8227 8307 8388 8472 8558 8646 8736 8827 8920 9015 
2562 2811 3178 3450 3855 3137 2071 2321 3441 3736 4327 4624 4921 4301 4308 3301 3311 2034 1838 1449 1257 0 250 650 600 1051 2001 1975 1994 3087 3075 3092 3197 3128 2057 2121 960 781 500 750 1600 1720 1886 2059 2236 3474 3766 4059 4353 4648 4944 3355 3451 2522 1833 2196 2529 2857 2787 3253 3045 3830 5606 5698 4934 4633 5137 5793 5891 5992 6094 6199 6306 6415 6526 6639 6753 6869 6987 7106 5959 5883 5303 5747 5196 5287 5321 5784 6469 5921 6440 7227 7348 7472 7596 7721 7848 7976 8104 8234 7247 7294 7313 7976 8838 8756 8676 8598 8522 8449 8378 8309 8242 8178 8041 8100 8160 8224 8290 8358 8429 8501 8576 8654 
2728 2962 3313 3575 3905 3197 2160 2492 3499 3789 4373 4667 4961 4314 4300 3318 3300 2003 1804 1405 1206 250 0 600 650 970 2057 1994 1975 3075 3087 3128 3137 3092 2001 2043 781 650 250 500 1457 1588 1767 1950 2136 3423 3719 4016 4313 4610 4908 3244 3331 2371 1612 1968 2294 2650 2661 3085 2898 3689 5463 5551 4767 4466 4931 5642 5736 5832 5931 6032 6136 6241 6349 6459 6571 6684 6799 6916 5748 5665 5090 5523 4955 5055 5091 5574 6256 5684 6192 7034 7154 7275 7397 7521 7646 7772 7899 8027 6998 7054 7084 7766 8627 8543 8461 8381 8304 8228 8155 8084 8016 7950 7809 7869 7932 7997 8065 8135 8207 8282 8359 8438 
2329 2526 2839 3080 3324 2625 1629 2114 4081 4373 4961 5257 5552 4912 4900 3915 3900 2603 2403 2003 1804 650 600 0 250 403 1490 1402 1375 2475 2490 2540 2552 2496 1412 1471 500 250 650 781 1996 2136 2324 2514 2706 4016 4313 4610 4908 5206 5505 3798 3876 2885 1414 1792 2159 2350 2150 2657 2425 3201 4975 5071 4331 4031 4611 5170 5272 5377 5484 5593 5705 5819 5934 6051 6170 6291 6413 6537 5445 5394 4796 5278 5148 5313 5364 5926 6595 5907 6291 6662 6788 6915 7044 7174 7305 7436 7569 7702 7073 7251 7348 8110 8968 8877 8787 8700 8614 8530 8449 8369 8292 8217 7604 7653 7705 7760 7818 7879 7942 8007 8075 8146 
2133 2347 2680 2934 3265 2552 1510 1910 4031 4327 4921 5218 5516 4901 4907 3901 3909 2626 2429 2034 1838 600 650 250 0 570 1412 1375 1402 2490 2475 2496 2625 2540 1490 1578 750 500 781 960 2102 2236 2416 2600 2785 4059 4353 4648 4944 5240 5536 3893 3980 3010 1662 2040 2408 2581 2304 2850 2599 3363 5131 5232 4515 4216 4830 5335 5441 5550 5660 5773 5888 6005 6123 6243 6364 6487 6612 6738 5668 5623 5021 5512 5381 5534 5582 6125 6797 6135 6535 6865 6993 7122 7252 7384 7516 7649 7783 7918 7319 7484 7569 8311 9171 9082 8994 8909 8825 8743 8664 8586 8511 8438 7842 7890 7940 7994 8050 8109 8170 8234 8300 8369 
2317 2472 2735 2947 3054 2381 1485 2130 4468 4759 5344 5638 5932 5278 5252 4285 4253 2950 2751 2351 2151 1051 970 403 570 0 1285 1129 1039 2132 2177 2261 2167 2128 1032 1075 460 353 951 996 2267 2413 2608 2804 3000 4341 4640 4939 5238 5537 5837 4066 4134 3119 1209 1578 1955 2040 1750 2280 2033 2804 4576 4674 3946 3647 4270 4775 4878 4985 5094 5206 5320 5435 5553 5673 5794 5917 6042 6168 5110 5074 4467 4972 5109 5318 5380 6000 6654 5883 6181 6295 6424 6554 6685 6817 6950 7083 7218 7354 6944 7204 7348 8168 9022 8926 8830 8737 8645 8556 8468 8382 8298 8217 7311 7355 7402 7452 7504 7560 7619 7680 7744 7810 
1300 1338 1504 1683 1853 1140 300 1220 5361 5660 6259 6559 6858 6279 6303 5279 5309 4036 3839 3446 3251 2001 2057 1490 1412 1285 0 300 600 1252 1140 1100 1627 1421 900 1100 1745 1603 2140 2248 3486 3625 3812 4000 4190 5472 5765 6060 6354 6650 6945 5287 5367 4371 2298 2605 2967 2757 1863 2602 2240 2810 4426 4553 4041 3769 4682 4683 4814 4946 5080 5215 5352 5489 5627 5766 5906 6047 6189 6331 5521 5561 4932 5525 6285 6540 6610 7266 7912 7073 7246 6474 6617 6761 6906 7051 7196 7342 7488 7635 7969 8358 8557 9423 10273 10173 10073 9976 9879 9785 9691 9600 9510 9422 7869 7890 7913 7940 7970 8002 8038 8076 8117 8161 
1600 1631 1770 1924 1929 1252 600 1516 5389 5687 6283 6582 6880 6275 6282 5275 5283 3995 3796 3398 3200 1975 1994 1402 1375 1129 300 0 300 1140 1100 1140 1421 1252 600 800 1578 1471 2043 2121 3383 3527 3719 3911 4105 5417 5713 6010 6307 6604 6902 5186 5258 4248 2046 2338 2694 2461 1570 2305 1946 2537 4185 4309 3768 3492 4388 4435 4563 4693 4824 4957 5091 5226 5362 5500 5638 5777 5917 6058 5228 5265 4636 5226 6032 6301 6376 7053 7692 6822 6969 6200 6342 6485 6628 6772 6917 7062 7207 7353 7685 8096 8311 9200 10047 9944 9843 9743 9644 9547 9451 9357 9265 9175 7571 7593 7617 7645 7676 7710 7746 7786 7829 7874 
1900 1926 2045 2180 2046 1421 900 1814 5433 5729 6321 6618 6915 6286 6275 5288 5275 3976 3776 3376 3176 1994 1975 1375 1402 1039 600 300 0 1100 1140 1252 1252 1140 300 500 1454 1393 1987 2031 3305 3451 3647 3843 4040 5378 5676 5975 6274 6573 6872 5100 5165 4142 1808 2080 2428 2167 1281 2010 1655 2272 3953 4073 3500 3220 4094 4195 4319 4445 4573 4703 4834 4967 5101 5236 5373 5510 5649 5788 4935 4968 4340 4928 5783 6068 6147 6847 7477 6576 6693 5928 6069 6210 6353 6496 6639 6783 6928 7073 7403 7837 8070 8981 9825 9720 9616 9513 9412 9313 9215 9118 9024 8931 7274 7296 7322 7351 7383 7418 7456 7497 7541 7589 
2191 2054 1930 1900 1175 900 1421 2235 6519 6816 7411 7708 8006 7384 7375 6386 6375 5075 4876 4476 4276 3087 3075 2475 2490 2132 1252 1140 1100 0 300 600 600 300 1140 1208 2520 2485 3083 3111 4385 4533 4730 4928 5126 6473 6772 7071 7370 7669 7969 6168 6227 5196 2658 2830 3113 2615 1423 2103 1736 1975 3342 3483 3144 2915 4006 3625 3768 3912 4057 4203 4349 4496 4644 4792 4941 5090 5239 5389 4800 4907 4289 4933 6474 6828 6921 7695 8293 7271 7208 5539 5690 5841 5992 6143 6295 6446 6598 6751 7850 8455 8775 9776 10603 10489 10376 10265 10154 10045 9937 9830 9725 9621 7211 7210 7212 7217 7226 7238 7254 7273 7295 7320 
1937 1780 1636 1600 957 600 1252 2001 6482 6781 7378 7677 7976 7375 7381 6375 6382 5090 4891 4492 4293 3075 3087 2490 2475 2177 1140 1100 1140 300 0 300 900 600 1252 1360 2593 2530 3119 3171 4444 4590 4786 4981 5177 6505 6803 7101 7398 7697 7995 6240 6305 5281 2825 3025 3325 2864 1688 2387 2016 2275 3614 3757 3440 3214 4305 3901 4046 4192 4338 4485 4633 4781 4929 5078 5228 5378 5528 5678 5100 5207 4588 5231 6697 7035 7125 7878 8487 7495 7464 5829 5980 6132 6283 6435 6587 6739 6891 7044 8116 8695 8998 9977 10809 10698 10587 10478 10370 10263 10157 10052 9949 9848 7511 7510 7512 7517 7525 7537 7552 7570 7592 7616 
1698 1516 1344 1300 794 300 1140 1787 6459 6759 7358 7658 7957 7378 7399 6378 6403 5123 4925 4529 4331 3092 3128 2540 2496 2261 1100 1140 1252 600 300 0 1200 900 1421 1555 2698 2608 3183 3257 4523 4667 4859 5051 5245 6551 6847 7143 7439 7735 8032 6325 6395 5381 3012 3236 3549 3122 1963 2675 2301 2575 3890 4035 3737 3512 4605 4180 4327 4474 4621 4769 4918 5067 5216 5366 5516 5667 5818 5969 5400 5506 4887 5529 6926 7250 7336 8069 8687 7723 7724 6120 6271 6423 6575 6727 6879 7032 7185 7337 8386 8939 9225 10183 11020 10910 10802 10695 10589 10484 10381 10279 10178 10078 7811 7810 7812 7817 7825 7836 7850 7868 7888 7912 
2728 2619 2523 2500 1688 1500 1860 2741 6633 6925 7511 7805 8099 7439 7399 6449 6403 5099 4900 4502 4304 3197 3137 2552 2625 2167 1627 1421 1252 600 900 1200 0 300 1140 1104 2478 2503 3097 3077 4326 4476 4676 4876 5076 6450 6750 7050 7350 7650 7950 6068 6112 5077 2403 2504 2738 2156 957 1554 1206 1375 2817 2951 2554 2319 3407 3087 3225 3364 3505 3647 3790 3934 4079 4225 4372 4519 4667 4815 4200 4308 3691 4338 6048 6434 6536 7350 7925 6842 6705 4964 5113 5262 5412 5563 5713 5864 6015 6166 7324 7986 8344 9389 10205 10086 9969 9853 9738 9624 9511 9399 9289 9180 6611 6610 6612 6618 6628 6641 6658 6678 6703 6730 
2456 2334 2226 2200 1423 1200 1627 2483 6570 6864 7455 7751 8047 7405 7381 6410 6382 5078 4879 4479 4279 3128 3092 2496 2540 2128 1421 1252 1140 300 600 900 300 0 1100 1118 2481 2476 3075 3079 4345 4495 4694 4893 5092 6454 6754 7054 7354 7654 7953 6111 6163 5128 2516 2655 2916 2378 1175 1825 1464 1675 3076 3214 2848 2617 3706 3353 3494 3636 3779 3923 4068 4214 4361 4508 4655 4804 4952 5101 4500 4608 3990 4635 6257 6627 6725 7518 8106 7053 6954 5251 5401 5551 5702 5852 6004 6155 6306 6458 7585 8218 8557 9580 10401 10285 10170 10056 9944 9832 9722 9613 9505 9398 6911 6910 6912 6918 6927 6940 6956 6975 6999 7025 
2200 2223 2326 2445 2198 1627 1200 2112 5494 5786 6373 6668 6963 6311 6282 5318 5283 3980 3780 3380 3181 2057 2001 1412 1490 1032 900 600 300 1140 1252 1421 1140 1100 0 200 1386 1377 1976 1982 3252 3401 3600 3798 3997 5355 5655 5955 6254 6554 6854 5030 5087 4056 1592 1835 2170 1873 998 1716 1367 2017 3731 3845 3237 2952 3802 3962 4082 4204 4329 4455 4583 4713 4844 4977 5111 5247 5383 5521 4644 4673 4045 4629 5540 5842 5925 6648 7269 6335 6420 5659 5799 5939 6080 6221 6364 6507 6650 6794 7122 7581 7832 8768 9607 9499 9393 9288 9184 9082 8982 8883 8786 8690 6977 7000 7027 7057 7090 7126 7166 7209 7255 7304 
2400 2421 2516 2627 2315 1780 1400 2310 5543 5833 6415 6708 7001 6335 6294 5347 5298 3995 3796 3398 3200 2121 2043 1471 1578 1075 1100 800 500 1208 1360 1555 1104 1118 200 0 1375 1402 1994 1975 3232 3382 3582 3781 3981 5350 5650 5950 6250 6550 6850 4993 5045 4010 1465 1681 2005 1679 816 1521 1179 1855 3588 3699 3066 2778 3607 3812 3929 4048 4170 4293 4419 4547 4676 4807 4940 5073 5208 5345 4451 4476 3848 4431 5380 5694 5780 6520 7133 6176 6239 5482 5620 5759 5899 6040 6181 6323 6466 6610 6935 7412 7676 8628 9464 9355 9247 9140 9035 8931 8829 8728 8629 8532 6779 6802 6830 6861 6895 6933 6974 7018 7065 7115 
2747 2917 3191 3407 3492 2831 1944 2549 4222 4506 5079 5367 5657 4973 4922 3991 3928 2626 2429 2034 1838 960 781 500 750 460 1745 1578 1454 2520 2593 2698 2478 2481 1386 1375 0 250 650 600 1866 2015 2214 2412 2611 3975 4275 4575 4875 5175 5475 3650 3712 2687 921 1299 1662 1903 1903 2304 2122 2915 4688 4773 3986 3685 4181 4863 4955 5051 5150 5251 5355 5462 5571 5682 5795 5910 6027 6146 5008 4941 4353 4815 4688 4879 4937 5543 6200 5456 5803 6266 6388 6511 6636 6762 6889 7018 7147 7278 6580 6788 6912 7715 8570 8474 8380 8289 8199 8111 8025 7941 7859 7780 7129 7182 7238 7296 7358 7422 7489 7559 7631 7705 
2534 2717 3010 3238 3400 2718 1776 2328 4145 4433 5014 5306 5599 4936 4905 3945 3906 2603 2403 2003 1804 781 650 250 500 353 1603 1471 1393 2485 2530 2608 2503 2476 1377 1402 250 0 600 650 1916 2061 2256 2451 2647 3988 4287 4586 4885 5185 5484 3716 3787 2777 1167 1545 1910 2124 2015 2474 2265 3051 4827 4918 4155 3854 4394 5013 5110 5211 5314 5419 5527 5637 5750 5864 5980 6098 6218 6339 5225 5166 4573 5046 4917 5094 5149 5732 6395 5680 6046 6462 6586 6712 6839 6966 7096 7226 7357 7489 6826 7019 7129 7911 8768 8674 8583 8493 8405 8319 8236 8154 8075 7998 7366 7417 7471 7528 7587 7650 7715 7782 7852 7925 
2905 3126 3461 3712 3970 3274 2272 2676 3573 3858 4433 4723 5014 4341 4305 3354 3307 2003 1804 1405 1206 500 250 650 781 951 2140 2043 1987 3083 3119 3183 3097 3075 1976 1994 650 600 0 250 1346 1486 1676 1868 2061 3390 3689 3988 4287 4586 4885 3148 3226 2238 1400 1745 2061 2452 2553 2930 2765 3559 5329 5412 4607 4306 4730 5498 5587 5679 5774 5871 5971 6073 6177 6284 6393 6503 6615 6730 5540 5449 4881 5301 4715 4825 4864 5368 6046 5448 5944 6845 6963 7082 7202 7323 7446 7570 7696 7822 6749 6815 6856 7558 8419 8332 8248 8167 8087 8009 7934 7861 7791 7723 7578 7640 7704 7772 7841 7913 7988 8065 8144 8225 
3093 3301 3620 3860 4049 3368 2406 2870 3663 3941 4506 4791 5079 4383 4326 3407 3334 2034 1838 1449 1257 750 500 781 960 996 2248 2121 2031 3111 3171 3257 3077 3079 1982 1975 600 650 250 0 1274 1422 1619 1817 2015 3375 3675 3975 4275 4575 4875 3070 3138 2127 1204 1532 1833 2263 2466 2787 2650 3443 5203 5281 4455 4155 4533 5362 5446 5533 5623 5716 5812 5910 6011 6114 6220 6327 6436 6548 5335 5236 4676 5082 4475 4597 4639 5165 5839 5214 5696 6661 6775 6892 7010 7129 7250 7372 7495 7620 6500 6577 6630 7352 8212 8124 8038 7954 7872 7792 7715 7640 7568 7498 7348 7412 7479 7548 7619 7694 7770 7849 7930 8014 
4163 4410 4769 5032 5312 4620 3611 3921 2705 2947 3457 3723 3993 3242 3134 2326 2174 976 832 642 626 1600 1457 1996 2102 2267 3486 3383 3305 4385 4444 4523 4326 4345 3252 3232 1866 1916 1346 1274 0 150 350 550 750 2132 2431 2730 3030 3329 3629 1802 1880 921 2150 2336 2482 3130 3634 3810 3753 4526 6230 6288 5400 5110 5247 6350 6415 6484 6555 6629 6706 6786 6868 6953 7040 7130 7221 7315 5978 5816 5329 5611 4025 3982 3986 4305 5000 4663 5425 7412 7510 7610 7712 7815 7921 8028 8136 8247 6261 6053 5951 6485 7345 7273 7204 7137 7074 7013 6955 6900 6848 6800 7720 7806 7894 7984 8076 8170 8266 8363 8463 8564 
4281 4531 4895 5161 5455 4760 3745 4037 2589 2825 3327 3589 3857 3101 2989 2195 2033 866 742 625 656 1720 1588 2136 2236 2413 3625 3527 3451 4533 4590 4667 4476 4495 3401 3382 2015 2061 1486 1422 150 0 200 400 600 1982 2281 2580 2880 3179 3479 1662 1744 813 2294 2472 2607 3265 3783 3952 3899 4670 6370 6427 5535 5247 5365 6488 6551 6618 6688 6761 6836 6914 6995 7078 7164 7252 7342 7435 6089 5922 5442 5713 4025 3959 3957 4244 4940 4646 5442 7529 7626 7725 7825 7927 8031 8137 8244 8353 6279 6035 5911 6417 7276 7206 7140 7076 7015 6957 6902 6850 6801 6756 7803 7891 7980 8072 8166 8262 8360 8459 8560 8663 
4440 4696 5065 5334 5646 4949 3926 4195 2440 2666 3156 3414 3678 2915 2795 2024 1848 742 656 656 742 1886 1767 2324 2416 2608 3812 3719 3647 4730 4786 4859 4676 4694 3600 3582 2214 2256 1676 1619 350 200 0 200 400 1783 2082 2381 2680 2980 3279 1477 1566 694 2486 2655 2778 3447 3981 4143 4094 4863 6557 6613 5716 5429 5525 6671 6733 6799 6866 6937 7011 7087 7166 7247 7331 7417 7505 7596 6239 6065 5595 5851 4034 3938 3928 4169 4866 4631 5470 7689 7783 7880 7978 8078 8180 8284 8390 8496 6308 6016 5865 6331 7187 7121 7058 6998 6941 6887 6836 6788 6744 6703 7916 8006 8099 8193 8289 8387 8487 8589 8692 8796 
4603 4863 5237 5509 5838 5138 4109 4356 2299 2514 2988 3241 3501 2731 2603 1860 1666 656 625 742 866 2059 1950 2514 2600 2804 4000 3911 3843 4928 4981 5051 4876 4893 3798 3781 2412 2451 1868 1817 550 400 200 0 200 1584 1883 2182 2481 2780 3079 1297 1393 618 2680 2841 2952 3630 4180 4334 4290 5056 6745 6799 5899 5613 5687 6856 6917 6980 7046 7115 7187 7261 7338 7418 7500 7584 7670 7759 6392 6212 5751 5993 4052 3926 3909 4103 4798 4625 5505 7849 7942 8037 8133 8232 8332 8434 8537 8642 6344 6005 5825 6250 7103 7041 6982 6926 6872 6822 6775 6732 6692 6655 8032 8125 8220 8317 8415 8516 8618 8721 8826 8933 
4769 5032 5411 5686 6030 5328 4294 4520 2167 2368 2825 3071 3327 2549 2411 1702 1488 625 656 866 1015 2236 2136 2706 2785 3000 4190 4105 4040 5126 5177 5245 5076 5092 3997 3981 2611 2647 2061 2015 750 600 400 200 0 1386 1684 1982 2281 2580 2880 1123 1230 602 2874 3028 3130 3816 4378 4526 4486 5250 6933 6986 6082 5798 5852 7042 7101 7162 7227 7294 7364 7437 7512 7590 7670 7752 7836 7923 6547 6361 5910 6138 4081 3925 3900 4045 4739 4627 5548 8012 8103 8196 8290 8387 8485 8585 8687 8790 6386 6000 5791 6174 7024 6966 6910 6858 6809 6763 6720 6681 6645 6613 8152 8247 8344 8444 8544 8647 8751 8856 8963 9072 
5890 6175 6580 6870 7325 6610 5543 5638 1500 1529 1749 1920 2121 1308 1076 928 555 1446 1638 2025 2221 3474 3423 4016 4059 4341 5472 5417 5378 6473 6505 6551 6450 6454 5355 5350 3975 3988 3390 3375 2132 1982 1783 1584 1386 0 300 600 900 1200 1500 883 1007 1622 4255 4392 4462 5170 5764 5899 5869 6629 8295 8342 7426 7147 7117 8392 8445 8500 8557 8618 8680 8745 8812 8881 8953 9026 9102 9180 7766 7553 7147 7310 4673 4348 4277 4086 4725 5036 6172 9260 9341 9425 9510 9597 9686 9777 9869 9963 6985 6315 5921 5989 6790 6761 6736 6714 6696 6682 6671 6664 6660 6660 9177 9285 9395 9506 9617 9731 9845 9960 10077 10195 
6164 6452 6859 7151 7619 6903 5833 5912 1529 1500 1615 1749 1920 1116 832 998 665 1734 1928 2319 2515 3766 3719 4313 4353 4640 5765 5713 5676 6772 6803 6847 6750 6754 5655 5650 4275 4287 3689 3675 2431 2281 2082 1883 1684 300 0 300 600 900 1200 1061 1160 1891 4550 4681 4744 5457 6062 6191 6165 6923 8582 8627 7708 7431 7380 8676 8727 8780 8836 8894 8955 9018 9083 9150 9219 9291 9364 9440 8018 7800 7405 7553 4812 4457 4377 4118 4737 5135 6307 9518 9597 9678 9762 9846 9933 10021 10111 10203 7111 6385 5953 5952 6738 6716 6698 6683 6672 6664 6660 6660 6663 6670 9386 9497 9609 9722 9836 9951 10068 10185 10304 10424 
6441 6730 7140 7434 7913 7197 6124 6188 1615 1529 1529 1615 1749 980 638 1145 870 2025 2221 2614 2811 4059 4016 4610 4648 4939 6060 6010 5975 7071 7101 7143 7050 7054 5955 5950 4575 4586 3988 3975 2730 2580 2381 2182 1982 600 300 0 300 600 900 1285 1362 2168 4845 4971 5028 5745 6360 6483 6460 7217 8870 8914 7992 7716 7647 8961 9010 9062 9116 9172 9231 9292 9355 9421 9488 9557 9629 9703 8274 8051 7665 7800 4966 4583 4496 4173 4769 5249 6453 9778 9855 9935 10016 10098 10183 10269 10357 10446 7247 6468 6001 5931 6699 6684 6672 6664 6660 6660 6663 6670 6680 6694 9600 9713 9827 9943 10059 10176 10295 10414 10535 10656 
6719 7011 7422 7718 8208 7491 6415 6467 1749 1615 1500 1529 1615 925 550 1343 1119 2319 2515 2910 3107 4353 4313 4908 4944 5238 6354 6307 6274 7370 7398 7439 7350 7354 6254 6250 4875 4885 4287 4275 3030 2880 2680 2481 2281 900 600 300 0 300 600 1535 1595 2450 5141 5263 5313 6034 6659 6776 6757 7511 9158 9201 8277 8002 7916 9247 9294 9345 9397 9452 9509 9568 9629 9693 9758 9826 9896 9967 8533 8305 7929 8051 5132 4725 4630 4248 4819 5377 6609 10041 10116 10193 10272 10353 10435 10519 10605 10692 7392 6563 6063 5925 6673 6665 6660 6660 6662 6669 6679 6693 6710 6731 9818 9934 10050 10167 10286 10405 10525 10647 10769 10892 
6999 7292 7706 8003 8503 7786 6708 6747 1920 1749 1529 1500 1529 965 614 1575 1388 2614 2811 3206 3404 4648 4610 5206 5240 5537 6650 6604 6573 7669 7697 7735 7650 7654 6554 6550 5175 5185 4586 4575 3329 3179 2980 2780 2580 1200 900 600 300 0 300 1800 1848 2737 5437 5556 5601 6324 6957 7070 7053 7806 9448 9489 8563 8290 8187 9533 9580 9628 9679 9732 9788 9845 9905 9967 10031 10096 10164 10234 8795 8562 8195 8305 5310 4881 4780 4342 4887 5519 6775 10305 10379 10454 10531 10610 10690 10772 10856 10941 7547 6671 6140 5933 6661 6660 6662 6668 6678 6692 6709 6729 6754 6781 10041 10158 10277 10396 10516 10637 10759 10882 11006 11131 
7281 7576 7991 8289 8799 8081 7001 7029 2121 1920 1615 1529 1500 1089 795 1826 1668 2910 3107 3504 3702 4944 4908 5505 5536 5837 6945 6902 6872 7969 7995 8032 7950 7953 6854 6850 5475 5484 4885 4875 3629 3479 3279 3079 2880 1500 1200 900 600 300 0 2075 2113 3025 5734 5849 5889 6615 7256 7364 7350 8101 9738 9778 8850 8578 8460 9821 9866 9913 9963 10014 10068 10124 10182 10242 10304 10368 10434 10502 9058 8822 8463 8562 5499 5050 4944 4454 4972 5673 6950 10572 10643 10717 10792 10869 10947 11028 11109 11193 7710 6790 6229 5957 6662 6668 6677 6690 6707 6728 6752 6779 6810 6844 10267 10387 10507 10628 10750 10873 10997 11121 11246 11373 
5892 6156 6533 6806 7115 6422 5404 5644 2314 2387 2632 2795 2980 2170 1891 1735 1370 1550 1680 1975 2136 3355 3244 3798 3893 4066 5287 5186 5100 6168 6240 6325 6068 6111 5030 4993 3650 3716 3148 3070 1802 1662 1477 1297 1123 883 1061 1285 1535 1800 2075 0 152 1000 3750 3823 3834 4570 5300 5339 5357 6084 7684 7720 6786 6518 6387 7758 7800 7844 7891 7941 7994 8049 8107 8167 8230 8296 8364 8434 6998 6770 6395 6517 3790 3479 3414 3302 3967 4172 5290 8507 8581 8658 8737 8818 8901 8986 9073 9162 6105 5474 5125 5311 6139 6097 6058 6023 5991 5964 5941 5921 5906 5895 8326 8437 8549 8663 8778 8895 9012 9131 9251 9372 
5996 6257 6630 6900 7187 6499 5490 5749 2457 2524 2751 2905 3080 2275 1982 1878 1510 1685 1808 2090 2245 3451 3331 3876 3980 4134 5367 5258 5165 6227 6305 6395 6112 6163 5087 5045 3712 3787 3226 3138 1880 1744 1566 1393 1230 1007 1160 1362 1595 1848 2113 152 0 1035 3776 3834 3830 4571 5330 5348 5376 6095 7677 7710 6772 6507 6348 7745 7784 7825 7870 7917 7967 8019 8074 8132 8193 8256 8321 8389 6947 6714 6350 6458 3667 3344 3276 3151 3816 4035 5165 8459 8531 8606 8683 8762 8843 8926 9010 9097 5977 5330 4976 5160 5988 5945 5906 5871 5839 5812 5789 5769 5754 5743 8238 8351 8465 8580 8697 8815 8934 9054 9175 9298 
5085 5330 5685 5944 6174 5495 4511 4843 2684 2855 3252 3473 3705 2900 2697 2170 1891 1226 1234 1342 1436 2522 2371 2885 3010 3119 4371 4248 4142 5196 5281 5381 5077 5128 4056 4010 2687 2777 2238 2127 921 813 694 618 602 1622 1891 2168 2450 2737 3025 1000 1035 0 2750 2832 2864 3590 4301 4348 4358 5091 6712 6752 5826 5553 5495 6796 6844 6894 6948 7004 7064 7126 7192 7260 7331 7404 7480 7559 6150 5945 5527 5708 3481 3325 3302 3486 4182 4026 4953 7640 7723 7808 7896 7985 8077 8170 8266 8363 5790 5400 5207 5640 6495 6431 6370 6311 6257 6205 6158 6114 6073 6036 7651 7752 7854 7958 8064 8172 8281 8391 8503 8616 
3481 3599 3802 3970 3780 3217 2560 3314 4778 5042 5582 5856 6132 5391 5282 4457 4324 3076 2895 2542 2371 1833 1612 1414 1662 1209 2298 2046 1808 2658 2825 3012 2403 2516 1592 1465 921 1167 1400 1204 2150 2294 2486 2680 2874 4255 4550 4845 5141 5437 5734 3750 3776 2750 0 378 750 1060 1557 1662 1615 2376 4086 4151 3288 2992 3330 4220 4294 4372 4454 4541 4630 4724 4820 4920 5022 5127 5235 5345 4139 4052 3480 3913 3988 4260 4339 5057 5676 4777 4988 5457 5571 5688 5806 5926 6047 6171 6295 6421 5742 6061 6265 7177 8018 7912 7807 7705 7604 7505 7407 7312 7219 7129 6215 6270 6329 6391 6456 6524 6596 6670 6747 6826 
3821 3925 4106 4258 3982 3460 2878 3662 5014 5269 5792 6059 6329 5571 5439 4662 4503 3293 3121 2790 2631 2196 1968 1792 2040 1578 2605 2338 2080 2830 3025 3236 2504 2655 1835 1681 1299 1545 1745 1532 2336 2472 2655 2841 3028 4392 4681 4971 5263 5556 5849 3823 3834 2832 378 0 378 794 1589 1516 1557 2261 3905 3958 3063 2774 3010 4016 4079 4147 4220 4297 4378 4464 4553 4646 4742 4841 4943 5048 3805 3704 3145 3555 3705 4013 4101 4865 5464 4500 4649 5155 5265 5377 5491 5607 5725 5845 5967 6090 5391 5758 5997 6952 7785 7675 7566 7459 7353 7250 7148 7048 6951 6855 5846 5903 5964 6029 6097 6168 6242 6319 6399 6482 
4194 4293 4464 4608 4278 3785 3245 4038 5185 5429 5933 6192 6454 5679 5525 4802 4617 3455 3295 2990 2846 2529 2294 2159 2408 1955 2967 2694 2428 3113 3325 3549 2738 2916 2170 2005 1662 1910 2061 1833 2482 2607 2778 2952 3130 4462 4744 5028 5313 5601 5889 3834 3830 2864 750 378 0 750 1792 1557 1683 2304 3850 3889 2964 2689 2778 3933 3983 4038 4098 4164 4234 4309 4388 4471 4558 4648 4742 4839 3544 3420 2885 3254 3377 3715 3809 4611 5190 4174 4280 4939 5042 5148 5256 5366 5479 5594 5710 5829 5017 5411 5675 6665 7490 7376 7264 7153 7045 6937 6832 6729 6628 6529 5516 5579 5645 5714 5787 5863 5942 6025 6110 6198 
4048 4093 4194 4293 3790 3387 3054 3930 5806 6062 6586 6853 7122 6361 6223 5456 5295 4086 3914 3578 3415 2857 2650 2350 2581 2040 2757 2461 2167 2615 2864 3122 2156 2378 1873 1679 1903 2124 2452 2263 3130 3265 3447 3630 3816 5170 5457 5745 6034 6324 6615 4570 4571 3590 1060 794 750 0 1204 813 999 1557 3125 3172 2270 1982 2281 3226 3286 3353 3426 3504 3587 3675 3767 3863 3963 4067 4174 4284 3104 3043 2450 2933 3893 4295 4403 5257 5804 4686 4601 4397 4512 4630 4750 4872 4996 5121 5248 5377 5272 5841 6187 7250 8057 7936 7817 7699 7583 7468 7354 7243 7132 7024 5271 5314 5362 5413 5469 5528 5591 5658 5728 5802 
3146 3125 3148 3201 2593 2245 2157 3083 6124 6405 6972 7258 7545 6839 6761 5872 5781 4493 4299 3915 3723 2787 2661 2150 2304 1750 1863 1570 1281 1423 1688 1963 957 1175 998 816 1903 2015 2553 2466 3634 3783 3981 4180 4378 5764 6062 6360 6659 6957 7256 5300 5330 4301 1557 1589 1792 1204 0 750 378 1060 2826 2927 2253 1963 2819 3032 3141 3255 3371 3491 3613 3738 3866 3995 4126 4259 4393 4529 3658 3702 3072 3678 5092 5477 5580 6402 6971 5886 5784 4666 4804 4943 5083 5224 5366 5509 5652 5796 6428 7043 7389 8433 9247 9129 9012 8896 8781 8667 8555 8444 8335 8227 6014 6031 6052 6077 6106 6139 6176 6216 6260 6308 
3892 3875 3893 3936 3242 2965 2899 3822 6428 6697 7241 7517 7794 7053 6937 6119 5985 4736 4553 4192 4014 3253 3085 2657 2850 2280 2602 2305 2010 2103 2387 2675 1554 1825 1716 1521 2304 2474 2930 2787 3810 3952 4143 4334 4526 5899 6191 6483 6776 7070 7364 5339 5348 4348 1662 1516 1557 813 750 0 378 750 2427 2496 1681 1380 2085 2574 2658 2749 2845 2947 3053 3163 3277 3394 3514 3637 3763 3890 2929 2959 2330 2928 4605 5042 5157 6037 6564 5388 5165 4020 4151 4284 4419 4555 4692 4831 4970 5110 5771 6474 6879 7988 8781 8656 8532 8409 8288 8168 8048 7931 7814 7699 5268 5287 5312 5340 5373 5411 5452 5498 5548 5601 
3524 3501 3515 3558 2887 2589 2535 3461 6312 6588 7145 7426 7708 6985 6888 6032 5920 4648 4459 4085 3900 3045 2898 2425 2599 2033 2240 1946 1655 1736 2016 2301 1206 1464 1367 1179 2122 2265 2765 2650 3753 3899 4094 4290 4486 5869 6165 6460 6757 7053 7350 5357 5376 4358 1615 1557 1683 999 378 378 0 794 2565 2653 1920 1625 2441 2748 2848 2952 3061 3174 3291 3410 3533 3658 3785 3915 4046 4179 3281 3324 2694 3301 4878 5292 5401 6255 6803 5667 5499 4313 4449 4587 4725 4864 5005 5146 5288 5431 6121 6787 7165 8245 9048 8926 8806 8686 8568 8450 8334 8219 8106 7994 5635 5653 5674 5699 5729 5763 5800 5842 5888 5937 
4033 3957 3892 3875 2983 2875 3087 4009 7105 7379 7933 8213 8494 7764 7659 6817 6697 5433 5246 4875 4691 3830 3689 3201 3363 2804 2810 2537 2272 1975 2275 2575 1375 1675 2017 1855 2915 3051 3559 3443 4526 4670 4863 5056 5250 6629 6923 7217 7511 7806 8101 6084 6095 5091 2376 2261 2304 1557 1060 750 794 0 1775 1870 1231 965 2040 1972 2081 2195 2315 2438 2565 2696 2828 2963 3100 3239 3379 3521 2825 2940 2330 2985 5223 5692 5814 6719 7222 5991 5643 3664 3807 3952 4098 4244 4391 4538 4686 4835 6185 7006 7465 8618 9393 9264 9136 9009 8882 8757 8632 8508 8386 8265 5237 5235 5237 5244 5255 5271 5292 5317 5346 5380 
5532 5394 5226 5126 3996 4169 4673 5556 8854 9124 9668 9943 10219 9471 9344 8544 8403 7163 6980 6619 6439 5606 5463 4975 5131 4576 4426 4185 3953 3342 3614 3890 2817 3076 3731 3588 4688 4827 5329 5203 6230 6370 6557 6745 6933 8295 8582 8870 9158 9448 9738 7684 7677 6712 4086 3905 3850 3125 2826 2427 2565 1775 0 156 955 1179 1972 312 468 624 780 936 1092 1248 1404 1560 1716 1872 2028 2184 2295 2583 2226 2795 6130 6681 6821 7796 8197 6817 6131 2340 2496 2652 2808 2964 3120 3276 3432 3588 6470 7578 8187 9461 10163 10021 9879 9738 9598 9458 9319 9180 9041 8904 4507 4454 4405 4362 4323 4291 4263 4241 4225 4215 
5670 5536 5372 5275 4149 4315 4804 5692 8925 9192 9733 10006 10280 9528 9395 8607 8460 7227 7047 6688 6511 5698 5551 5071 5232 4674 4553 4309 4073 3483 3757 4035 2951 3214 3845 3699 4773 4918 5412 5281 6288 6427 6613 6799 6986 8342 8627 8914 9201 9489 9778 7720 7710 6752 4151 3958 3889 3172 2927 2496 2653 1870 156 0 951 1202 1897 156 312 468 624 780 936 1092 1248 1404 1560 1716 1872 2028 2175 2470 2140 2691 6087 6645 6785 7765 8155 6765 6053 2184 2340 2496 2652 2808 2964 3120 3276 3432 6376 7503 8122 9405 10099 9956 9814 9672 9531 9390 9249 9109 8970 8831 4361 4306 4256 4211 4172 4138 4109 4086 4070 4059 
