0 1975 7150 9125 1221 637 706 1297 5976 6600 7791 8415 9146 7177 5000 2071 625 2311 795 2129 7194 9159 8482 7863 6685 6070 1679 1278 1241 1621 1420 2432 7289 9234 9474 7591 3225 2550 3094 2913 2929 3125 6617 7186 8293 8883 9661 7823 5927 3739 3175 3932 3345 3884 7893 9718 9171 8602 7540 7000 3870 3714 3702 3846 3970 4434 8178 9951 10453 8782 5469 5100 5537 5438 5447 5554 8055 8528 9480 9999 10772 9159 6056 5725 6212 5895 6217 7632 9266 10863 10454 9958 9057 8612 6336 6242 6234 6321 6520 6812 9676 11214 11907 10471 7900 7650 8047 7979 7985 8059 9948 10335 11134 11579 12318 10936 8507 8275 8644 8445 8672 9715 11065 12433 12143 11719 10963 10599 8850 8782 8777 8839 12865 11549 9282 9070 
1975 0 5175 7150 3172 2550 1375 779 4005 4628 5818 6442 7177 5212 3058 625 2071 4234 2129 795 5235 7194 6530 5915 4749 4144 1320 1740 2764 3346 2432 1420 5366 7289 7591 5769 2550 3225 4259 3819 3158 2948 4911 5431 6475 7041 7823 6071 4413 3175 3739 5297 3884 3345 6161 7893 7403 6866 5892 5416 3729 3897 4450 4833 4434 3970 6522 8178 8782 7265 5100 5469 6263 5973 5573 5457 6723 7112 7938 8406 9159 7717 5725 6056 7154 6217 5895 6527 7844 9266 8942 8504 7738 7382 6251 6352 6706 6966 6812 6520 8324 9676 10471 9235 7650 7900 8563 8353 8072 7992 8905 9202 9854 10235 10936 9759 8275 8507 9344 8672 8445 8873 9904 11065 10869 10511 9902 9627 8789 8861 9118 9311 11549 10442 9070 9282 
7150 5175 0 1975 8337 7713 6522 5898 1221 637 706 1297 2071 625 2311 5212 7177 9376 7194 5235 795 2129 1679 1278 1241 1621 5993 6608 7786 8405 7289 5366 1420 2432 3225 2550 5769 7591 8809 8220 7115 6547 3094 2913 2929 3125 3739 3175 3932 6071 7823 9902 7893 6161 3345 3884 3870 3714 3702 3846 6934 7472 8531 9100 8178 6522 3970 4434 5469 5100 7265 8782 9934 9416 8468 7997 5537 5438 5447 5554 6056 5725 7717 9159 11008 9266 7844 6212 5895 6217 6336 6242 6234 6321 8558 9000 9897 10391 9676 8324 6520 6812 7900 7650 9235 10471 11523 11079 10286 9902 8047 7979 7985 8059 8507 8275 9759 10936 12542 11065 9904 8644 8445 8672 8850 8782 8777 8839 10556 10917 11667 12089 9282 9070 10442 11549 
9125 7150 1975 0 10311 9686 8495 7871 3172 2550 1375 779 625 2071 4234 7177 9146 11347 9159 7194 2129 795 1320 1740 2764 3346 7942 8562 9745 10366 9234 7289 2432 1420 2550 3225 7591 9474 10696 10095 8958 8368 4259 3819 3158 2948 3175 3739 5297 7823 9661 11784 9718 7893 3884 3345 3729 3897 4450 4833 8674 9245 10350 10937 9951 8178 4434 3970 5100 5469 8782 10453 11640 11090 10067 9546 6263 5973 5573 5457 5725 6056 9159 10772 12728 10863 9266 7154 6217 5895 6251 6352 6706 6966 10021 10518 11502 12033 11214 9676 6812 6520 7650 7900 10471 11907 13022 12534 11637 11190 8563 8353 8072 7992 8275 8507 10936 12318 14076 12433 11065 9344 8672 8445 8789 8861 9118 9311 11772 12199 13056 13526 9070 9282 11549 12865 
1221 3172 8337 10311 0 625 1817 2442 7150 7775 8967 9592 10311 8337 6145 3172 1223 1093 1277 3194 8346 10318 9625 9002 7816 7194 2569 1985 1015 800 1621 3346 8405 10366 10547 8627 3870 2532 2550 2625 3131 3530 7591 8182 9322 9925 10697 8810 6804 4263 3099 3120 3257 4379 8867 10744 10160 9572 8465 7895 4145 3811 3407 3350 3846 4833 9100 10937 11365 9610 5736 4933 5100 5138 5414 5654 8782 9298 10315 10863 11642 9937 6268 5542 5593 5708 6415 8237 10030 11722 11261 10733 9760 9269 6385 6173 5933 5900 6321 6966 10391 12033 12653 11103 7990 7434 7650 7675 7862 8030 10471 10907 11786 12269 13025 11526 8567 8052 8114 8220 8726 10119 11644 13130 12783 12321 11482 11069 8795 8643 8473 8450 13526 12089 9311 8839 
637 2550 7713 9686 625 0 1192 1817 6525 7150 8342 8967 9687 7713 5521 2551 639 1690 738 2578 7722 9694 9002 8380 7194 6573 1985 1435 800 1015 1241 2764 7786 9745 9937 8025 3380 2308 2625 2550 2814 3131 7005 7591 8723 9322 10096 8222 6247 3823 2918 3376 3085 3952 8283 10146 9572 8989 7895 7334 3811 3555 3350 3407 3702 4450 8531 10350 10802 9074 5418 4822 5138 5100 5237 5414 8281 8782 9777 10315 11093 9419 5977 5443 5740 5612 6132 7783 9517 11177 10733 10217 9269 8796 6173 6019 5900 5933 6234 6706 9897 11502 12149 10643 7764 7361 7675 7650 7742 7862 10054 10471 11318 11786 12537 11083 8357 7984 8215 8154 8519 9753 11206 12645 12321 11873 11069 10676 8643 8533 8450 8473 13056 11667 9118 8777 
706 1375 6522 8495 1817 1192 0 625 5333 5958 7150 7775 8495 6522 4333 1376 708 2863 799 1425 6533 8503 7816 7194 6011 5392 1015 800 1435 1985 1278 1740 6608 8562 8780 6889 2610 2328 3131 2814 2550 2625 5911 6480 7591 8182 8960 7117 5227 3162 2934 4091 3100 3317 7187 9016 8465 7895 6835 6297 3407 3350 3555 3811 3714 3897 7472 9245 9748 8086 4973 4831 5414 5237 5100 5138 7379 7842 8782 9298 10069 8471 5578 5452 6187 5620 5743 6990 8581 10162 9760 9269 8384 7953 5933 5900 6019 6173 6242 6352 9000 10518 11222 9814 7461 7367 7862 7742 7650 7675 9325 9696 10471 10907 11641 10290 8076 7990 8534 8159 8244 9133 10422 11758 11482 11069 10339 9992 8473 8450 8533 8643 12199 10917 8861 8782 
1297 779 5898 7871 2442 1817 625 0 4708 5333 6525 7150 7871 5898 3711 781 1298 3483 1350 863 5909 7879 7194 6573 5392 4775 800 1015 1985 2569 1679 1320 5993 7942 8177 6301 2351 2570 3530 3131 2625 2550 5354 5911 7005 7591 8370 6549 4724 2952 3129 4546 3286 3118 6625 8430 7895 7334 6297 5778 3350 3407 3811 4145 3870 3729 6934 8674 9208 7591 4843 4952 5654 5414 5138 5100 6940 7379 8281 8782 9548 8000 5462 5559 6497 5725 5630 6623 8116 9646 9269 8796 7953 7548 5900 5933 6173 6385 6336 6251 8558 10021 10757 9411 7374 7447 8030 7862 7675 7650 8982 9325 10054 10471 11193 9906 7997 8064 8762 8232 8166 8855 10043 11315 11069 10676 9992 9673 8450 8473 8643 8795 11772 10556 8789 8850 
5976 4005 1221 3172 7150 6525 5333 4708 0 625 1817 2442 3172 1223 1093 4005 5976 8177 5987 4022 1277 3194 2569 1985 1015 800 4775 5392 6573 7194 6070 4144 1621 3346 3870 2532 4578 6374 7591 7005 5911 5354 2550 2625 3131 3530 4263 3099 3120 4914 6620 8684 6695 5015 3257 4379 4145 3811 3407 3350 5778 6297 7334 7895 7000 5416 3846 4833 5736 4933 6236 7652 8782 8281 7379 6940 5100 5138 5414 5654 6268 5542 6728 8058 9847 8173 6865 5593 5708 6415 6385 6173 5933 5900 7548 7953 8796 9269 8612 7382 6321 6966 7990 7434 8355 9460 10471 10054 9325 8982 7650 7675 7862 8030 8567 8052 8909 9952 11468 10089 9062 8114 8220 8726 8795 8643 8473 8450 9673 9992 10676 11069 9311 8839 9627 10599 
6600 4628 637 2550 7775 7150 5958 5333 625 0 1192 1817 2551 639 1690 4628 6600 8802 6610 4643 738 2578 1985 1435 800 1015 5392 6011 7194 7816 6685 4749 1241 2764 3380 2308 5132 6963 8182 7591 6480 5911 2625 2550 2814 3131 3823 2918 3376 5434 7188 9274 7258 5526 3085 3952 3811 3555 3350 3407 6297 6835 7895 8465 7540 5892 3702 4450 5418 4822 6653 8149 9298 8782 7842 7379 5138 5100 5237 5414 5977 5443 7116 8531 10371 8640 7246 5740 5612 6132 6173 6019 5900 5933 7953 8384 9269 9760 9057 7738 6234 6706 7764 7361 8671 9866 10907 10471 9696 9325 7675 7650 7742 7862 8357 7984 9206 10339 11921 10471 9354 8215 8154 8519 8643 8533 8450 8473 9992 10339 11069 11482 9118 8777 9902 10963 
7791 5818 706 1375 8967 8342 7150 6525 1817 1192 0 625 1376 708 2863 5818 7791 9993 7800 5830 799 1425 1015 800 1435 1985 6573 7194 8380 9002 7863 5915 1278 1740 2610 2328 6226 8100 9322 8723 7591 7005 3131 2814 2550 2625 3162 2934 4091 6477 8295 10411 8355 6554 3100 3317 3407 3350 3555 3811 7334 7895 8989 9572 8602 6866 3714 3897 4973 4831 7529 9140 10315 9777 8782 8281 5414 5237 5100 5138 5578 5452 7942 9483 11399 9581 8059 6187 5620 5743 5933 5900 6019 6173 8796 9269 10217 10733 9958 8504 6242 6352 7461 7367 9361 10699 11786 11318 10471 10054 7862 7742 7650 7675 8076 7990 9858 11137 12825 11259 9996 8534 8159 8244 8473 8450 8533 8643 10676 11069 11873 12321 8861 8782 10511 11719 
8415 6442 1297 779 9592 8967 7775 7150 2442 1817 625 0 781 1298 3483 6442 8415 10617 8423 6453 1350 863 800 1015 1985 2569 7194 7816 9002 9625 8482 6530 1679 1320 2351 2570 6813 8703 9925 9322 8182 7591 3530 3131 2625 2550 2952 3129 4546 7043 8884 11012 8940 7114 3286 3118 3350 3407 3811 4145 7895 8465 9572 10160 9171 7403 3870 3729 4843 4952 8022 9678 10863 10315 9298 8782 5654 5414 5138 5100 5462 5559 8410 10002 11950 10095 8520 6497 5725 5630 5900 5933 6173 6385 9269 9760 10733 11261 10454 8942 6336 6251 7374 7447 9761 11162 12269 11786 10907 10471 8030 7862 7675 7650 7997 8064 10239 11583 13318 11700 10372 8762 8232 8166 8450 8473 8643 8795 11069 11482 12321 12783 8789 8850 10869 12143 
9146 7177 2071 625 10311 9687 8495 7871 3172 2551 1376 781 0 1975 4175 7150 9125 11325 9126 7152 1982 170 863 1425 2578 3194 7879 8503 9694 10318 9159 7194 2129 795 1925 2757 7404 9325 10546 9936 8779 8176 3868 3377 2605 2346 2550 3225 4936 7591 9474 11627 9521 7649 3361 2720 3118 3317 3952 4379 8430 9016 10146 10744 9718 7893 3884 3345 4475 4891 8434 10163 11363 10799 9745 9206 5732 5413 4969 4838 5100 5469 8782 10453 12455 10537 8882 6656 5627 5270 5630 5743 6132 6415 9646 10162 11177 11722 10863 9266 6217 5895 7025 7297 10023 11515 12650 12146 11219 10754 7985 7759 7456 7369 7650 7900 10471 11907 13714 12017 10595 8789 8065 7820 8166 8244 8519 8726 11315 11758 12645 13130 8445 8672 11065 12433 
7177 5212 625 2071 8337 7713 6522 5898 1223 639 708 1298 1975 0 2201 5175 7150 9350 7152 5177 170 1982 1350 799 738 1277 5909 6533 7722 8346 7194 5235 795 2129 2757 1925 5521 7404 8626 8024 6887 6299 2528 2303 2323 2565 3225 2550 3432 5769 7591 9714 7649 5846 2720 3361 3286 3100 3085 3257 6625 7187 8283 8867 7893 6161 3345 3884 4891 4475 6841 8434 9608 9071 8083 7588 4928 4817 4826 4948 5469 5100 7265 8782 10691 8882 7386 5632 5270 5627 5725 5620 5612 5708 8116 8581 9517 10030 9266 7844 5895 6217 7297 7025 8725 10023 11100 10639 9810 9407 7429 7356 7362 7442 7900 7650 9235 10471 12134 10595 9377 8041 7820 8065 8232 8159 8154 8220 10043 10422 11206 11644 8672 8445 9904 11065 
5000 3058 2311 4234 6145 5521 4333 3711 1093 1690 2863 3483 4175 2201 0 2976 4950 7150 4950 2976 2201 4175 3483 2863 1690 1093 3711 4333 5521 6145 5000 3058 2311 4234 4562 2868 3498 5280 6497 5911 4820 4270 2378 2705 3558 4073 4848 3303 2550 3863 5529 7591 5607 3974 3432 4936 4546 4091 3376 3120 4724 5227 6247 6804 5927 4413 3932 5297 6058 4910 5303 6616 7726 7239 6380 5975 4808 4978 5488 5836 6525 5476 5831 7046 8782 7168 5977 5100 5632 6656 6497 6187 5740 5593 6623 6990 7783 8237 7632 6527 6212 7154 8099 7280 7550 8524 9495 9104 8436 8135 7321 7433 7784 8033 8640 7878 8128 9040 10471 9183 8287 7650 8041 8789 8762 8534 8215 8114 8855 9133 9753 10119 9344 8644 8873 9715 
2071 625 5212 7177 3172 2551 1376 781 4005 4628 5818 6442 7150 5175 2976 0 1975 4175 1982 170 5177 7152 6453 5830 4643 4022 863 1425 2578 3194 2129 795 5235 7194 7404 5521 1925 2757 3868 3377 2605 2346 4575 5130 6225 6812 7591 5769 3974 2550 3225 4936 3361 2720 5846 7649 7114 6554 5526 5015 3118 3317 3952 4379 3884 3345 6161 7893 8434 6841 4475 4891 5732 5413 4969 4838 6232 6649 7526 8019 8782 7265 5100 5469 6656 5627 5270 5977 7386 8882 8520 8059 7246 6865 5630 5743 6132 6415 6217 5895 7844 9266 10023 8725 7025 7297 7985 7759 7456 7369 8351 8667 9357 9757 10471 9235 7650 7900 8789 8065 7820 8287 9377 10595 10372 9996 9354 9062 8166 8244 8519 8726 11065 9904 8445 8672 
625 2071 7177 9146 1223 639 708 1298 5976 6600 7791 8415 9125 7150 4950 1975 0 2201 170 1982 7152 9126 8423 7800 6610 5987 1350 799 738 1277 795 2129 7194 9159 9325 7404 2757 1925 2528 2303 2323 2565 6372 6961 8099 8701 9474 7591 5607 3225 2550 3432 2720 3361 7649 9521 8940 8355 7258 6695 3286 3100 3085 3257 3345 3884 7893 9718 10163 8434 4891 4475 4928 4817 4826 4948 7649 8146 9137 9675 10453 8782 5469 5100 5632 5270 5627 7168 8882 10537 10095 9581 8640 8173 5725 5620 5612 5708 5895 6217 9266 10863 11515 10023 7297 7025 7429 7356 7362 7442 9456 9862 10696 11159 11907 10471 7900 7650 8041 7820 8065 9183 10595 12017 11700 11259 10471 10089 8232 8159 8154 8220 12433 11065 8672 8445 
2311 4234 9376 11347 1093 1690 2863 3483 8177 8802 9993 10617 11325 9350 7150 4175 2201 0 2201 4175 9350 11325 10617 9993 8802 8177 3483 2863 1690 1093 2311 4234 9376 11347 11473 9529 4562 2868 2378 2705 3558 4073 8446 9052 10213 10825 11590 9669 7591 4848 3303 2550 3432 4936 9714 11627 11012 10411 9274 8684 4546 4091 3376 3120 3932 5297 9902 11784 12146 10329 6058 4910 4808 4978 5488 5836 9423 9970 11035 11604 12385 10610 6525 5476 5100 5632 6656 8782 10691 12455 11950 11399 10371 9847 6497 6187 5740 5593 6212 7154 11008 12728 13282 11644 8099 7280 7321 7433 7784 8033 10921 11396 12339 12850 13619 12027 8640 7878 7650 8041 8789 10471 12134 13714 13318 12825 11921 11468 8762 8534 8215 8114 14076 12542 9344 8644 
795 2129 7194 9159 1277 738 799 1350 5987 6610 7800 8423 9126 7152 4950 1982 170 2201 0 1975 7150 9125 8415 7791 6600 5976 1298 708 639 1223 625 2071 7177 9146 9292 7362 2642 1755 2379 2138 2160 2419 6315 6908 8054 8659 9430 7535 5529 3092 2380 3303 2550 3225 7591 9474 8884 8295 7188 6620 3129 2934 2918 3099 3175 3739 7823 9661 10089 8345 4736 4305 4763 4648 4658 4783 7544 8047 9050 9593 10371 8684 5310 4930 5476 5100 5469 7046 8782 10453 10002 9483 8531 8058 5559 5452 5443 5542 5725 6056 9159 10772 11413 9905 7133 6855 7261 7186 7193 7274 9324 9736 10580 11048 11798 10347 7736 7480 7878 7650 7900 9040 10471 11907 11583 11137 10339 9952 8064 7990 7984 8052 12318 10936 8507 8275 
2129 795 5235 7194 3194 2578 1425 863 4022 4643 5830 6453 7152 5177 2976 170 1982 4175 1975 0 5175 7150 6442 5818 4628 4005 781 1376 2551 3172 2071 625 5212 7177 7362 5464 1755 2642 3772 3267 2461 2185 4495 5058 6166 6758 7535 5696 3863 2380 3092 4848 3225 2550 5769 7591 7043 6477 5434 4914 2952 3162 3823 4263 3739 3175 6071 7823 8345 6731 4305 4736 5591 5263 4805 4670 6102 6528 7419 7918 8684 7147 4930 5310 6525 5469 5100 5831 7265 8782 8410 7942 7116 6728 5462 5578 5977 6268 6056 5725 7717 9159 9905 8589 6855 7133 7829 7599 7289 7200 8202 8524 9224 9630 10347 9095 7480 7736 8640 7900 7650 8128 9235 10471 10239 9858 9206 8909 7997 8076 8357 8567 10936 9759 8275 8507 
7194 5235 795 2129 8346 7722 6533 5909 1277 738 799 1350 1982 170 2201 5177 7152 9350 7150 5175 0 1975 1298 708 639 1223 5898 6522 7713 8337 7177 5212 625 2071 2642 1755 5464 7362 8584 7978 6834 6241 2379 2138 2160 2419 3092 2380 3303 5696 7535 9669 7591 5769 2550 3225 3129 2934 2918 3099 6549 7117 8222 8810 7823 6071 3175 3739 4736 4305 6731 8345 9524 8983 7983 7482 4763 4648 4658 4783 5310 4930 7147 8684 10610 8782 7265 5476 5100 5469 5559 5452 5443 5542 8000 8471 9419 9937 9159 7717 5725 6056 7133 6855 8589 9905 10989 10523 9684 9275 7261 7186 7193 7274 7736 7480 9095 10347 12027 10471 9235 7878 7650 7900 8064 7990 7984 8052 9906 10290 11083 11526 8507 8275 9759 10936 
9159 7194 2129 795 10318 9694 8503 7879 3194 2578 1425 863 170 1982 4175 7152 9126 11325 9125 7150 1975 0 781 1376 2551 3172 7871 8495 9687 10311 9146 7177 2071 625 1755 2642 7362 9292 10511 9899 8737 8131 3772 3267 2461 2185 2380 3092 4848 7535 9430 11590 9474 7591 3225 2550 2952 3162 3823 4263 8370 8960 10096 10697 9661 7823 3739 3175 4305 4736 8345 10089 11293 10725 9663 9119 5591 5263 4805 4670 4930 5310 8684 10371 12385 10453 8782 6525 5469 5100 5462 5578 5977 6268 9548 10069 11093 11642 10772 9159 6056 5725 6855 7133 9905 11413 12552 12044 11109 10639 7829 7599 7289 7200 7480 7736 10347 11798 13619 11907 10471 8640 7900 7650 7997 8076 8357 8567 11193 11641 12537 13025 8275 8507 10936 12318 
8482 6530 1679 1320 9625 9002 7816 7194 2569 1985 1015 800 863 1350 3483 6453 8423 10617 8415 6442 1298 781 0 625 1817 2442 7150 7775 8967 9592 8415 6442 1297 779 1607 1913 6594 8532 9750 9136 7969 7361 3004 2522 1858 1750 2185 2419 4073 6758 8659 10825 8701 6812 2565 2346 2550 2625 3131 3530 7591 8182 9322 9925 8883 7041 3125 2948 4053 4184 7571 9308 10511 9944 8884 8343 4945 4668 4345 4300 4670 4783 7918 9593 11604 9675 8019 5836 4948 4838 5100 5138 5414 5654 8782 9298 10315 10863 9999 8406 5554 5457 6578 6660 9175 10653 11786 11284 10362 9901 7272 7086 6878 6850 7200 7274 9630 11048 12850 11159 9757 8033 7442 7369 7650 7675 7862 8030 10471 10907 11786 12269 7992 8059 10235 11579 
7863 5915 1278 1740 9002 8380 7194 6573 1985 1435 800 1015 1425 799 2863 5830 7800 9993 7791 5818 708 1376 625 0 1192 1817 6525 7150 8342 8967 7791 5818 706 1375 1967 1573 5985 7917 9136 8523 7361 6755 2522 2117 1750 1858 2461 2160 3558 6166 8054 10213 8099 6225 2323 2605 2625 2550 2814 3131 7005 7591 8723 9322 8293 6475 2929 3158 4209 4040 7048 8747 9944 9385 8343 7814 4668 4462 4300 4345 4805 4658 7419 9050 11035 9137 7526 5488 4826 4969 5138 5100 5237 5414 8281 8782 9777 10315 9480 7938 5447 5573 6675 6570 8748 10167 11284 10794 9901 9460 7086 6952 6850 6878 7289 7193 9224 10580 12339 10696 9357 7784 7362 7456 7675 7650 7742 7862 10054 10471 11318 11786 8072 7985 9854 11134 
6685 4749 1241 2764 7816 7194 6011 5392 1015 800 1435 1985 2578 738 1690 4643 6610 8802 6600 4628 639 2551 1817 1192 0 625 5333 5958 7150 7775 6600 4628 637 2550 2912 1543 4837 6748 7969 7361 6209 5612 1858 1750 2117 2522 3267 2138 2705 5058 6908 9052 6961 5130 2303 3377 3131 2814 2550 2625 5911 6480 7591 8182 7186 5431 2913 3819 4725 4028 6102 7706 8884 8343 7347 6850 4345 4300 4462 4668 5263 4648 6528 8047 9970 8146 6649 4978 4817 5413 5414 5237 5100 5138 7379 7842 8782 9298 8528 7112 5438 5973 7013 6563 8006 9286 10362 9901 9078 8681 6878 6850 6952 7086 7599 7186 8524 9736 11396 9862 8667 7433 7356 7759 7862 7742 7650 7675 9325 9696 10471 10907 8353 7979 9202 10335 
6070 4144 1621 3346 7194 6573 5392 4775 800 1015 1985 2569 3194 1277 1093 4022 5987 8177 5976 4005 1223 3172 2442 1817 625 0 4708 5333 6525 7150 5976 4005 1221 3172 3469 1862 4244 6139 7361 6755 5612 5022 1750 1858 2522 3004 3772 2379 2378 4495 6315 8446 6372 4575 2528 3868 3530 3131 2625 2550 5354 5911 7005 7591 6617 4911 3094 4259 5087 4161 5644 7178 8343 7814 6850 6376 4300 4345 4668 4945 5591 4763 6102 7544 9423 7649 6232 4808 4928 5732 5654 5414 5138 5100 6940 7379 8281 8782 8055 6723 5537 6263 7262 6645 7662 8853 9901 9460 8681 8311 6850 6878 7086 7272 7829 7261 8202 9324 10921 9456 8351 7321 7429 7985 8030 7862 7675 7650 8982 9325 10054 10471 8563 8047 8905 9948 
1679 1320 5993 7942 2569 1985 1015 800 4775 5392 6573 7194 7879 5909 3711 863 1350 3483 1298 781 5898 7871 7150 6525 5333 4708 0 625 1817 2442 1297 779 5898 7871 7995 6063 1607 1913 3004 2522 1858 1750 5022 5612 6755 7361 8131 6241 4270 2185 2419 4073 2565 2346 6299 8176 7591 7005 5911 5354 2550 2625 3131 3530 3125 2948 6547 8368 8819 7114 4053 4184 4945 4668 4345 4300 6376 6850 7814 8343 9119 7482 4670 4783 5836 4948 4838 5975 7588 9206 8782 8281 7379 6940 5100 5138 5414 5654 5554 5457 7997 9546 10228 8801 6578 6660 7272 7086 6878 6850 8311 8681 9460 9901 10639 9275 7200 7274 8033 7442 7369 8135 9407 10754 10471 10054 9325 8982 7650 7675 7862 8030 11190 9902 7992 8059 
1278 1740 6608 8562 1985 1435 800 1015 5392 6011 7194 7816 8503 6533 4333 1425 799 2863 708 1376 6522 8495 7775 7150 5958 5333 625 0 1192 1817 706 1375 6522 8495 8611 6672 1967 1573 2522 2117 1750 1858 5612 6209 7361 7969 8737 6834 4820 2461 2160 3558 2323 2605 6887 8779 8182 7591 6480 5911 2625 2550 2814 3131 2929 3158 7115 8958 9380 7639 4209 4040 4668 4462 4300 4345 6850 7347 8343 8884 9663 7983 4805 4658 5488 4826 4969 6380 8083 9745 9298 8782 7842 7379 5138 5100 5237 5414 5447 5573 8468 10067 10716 9231 6675 6570 7086 6952 6850 6878 8681 9078 9901 10362 11109 9684 7289 7193 7784 7362 7456 8436 9810 11219 10907 10471 9696 9325 7675 7650 7742 7862 11637 10286 8072 7985 
1241 2764 7786 9745 1015 800 1435 1985 6573 7194 8380 9002 9694 7722 5521 2578 738 1690 639 2551 7713 9687 8967 8342 7150 6525 1817 1192 0 625 637 2550 7713 9686 9788 7840 2912 1543 1858 1750 2117 2522 6755 7361 8523 9136 9899 7978 5911 3267 2138 2705 2303 3377 8024 9936 9322 8723 7591 7005 3131 2814 2550 2625 2913 3819 8220 10095 10471 8678 4725 4028 4345 4300 4462 4668 7814 8343 9385 9944 10725 8983 5263 4648 4978 4817 5413 7239 9071 10799 10315 9777 8782 8281 5414 5237 5100 5138 5438 5973 9416 11090 11683 10107 7013 6563 6878 6850 6952 7086 9460 9901 10794 11284 12044 10523 7599 7186 7433 7356 7759 9104 10639 12146 11786 11318 10471 10054 7862 7742 7650 7675 12534 11079 8353 7979 
1621 3346 8405 10366 800 1015 1985 2569 7194 7816 9002 9625 10318 8346 6145 3194 1277 1093 1223 3172 8337 10311 9592 8967 7775 7150 2442 1817 625 0 1221 3172 8337 10311 10407 8455 3469 1862 1750 1858 2522 3004 7361 7969 9136 9750 10511 8584 6497 3772 2379 2378 2528 3868 8626 10546 9925 9322 8182 7591 3530 3131 2625 2550 3094 4259 8809 10696 11052 9238 5087 4161 4300 4345 4668 4945 8343 8884 9944 10511 11293 9524 5591 4763 4808 4928 5732 7726 9608 11363 10863 10315 9298 8782 5654 5414 5138 5100 5537 6263 9934 11640 12206 10592 7262 6645 6850 6878 7086 7272 9901 10362 11284 11786 12552 10989 7829 7261 7321 7429 7985 9495 11100 12650 12269 11786 10907 10471 8030 7862 7675 7650 13022 11523 8563 8047 
1420 2432 7289 9234 1621 1241 1278 1679 6070 6685 7863 8482 9159 7194 5000 2129 795 2311 625 2071 7177 9146 8415 7791 6600 5976 1297 706 637 1221 0 1975 7150 9125 9194 7238 2275 1130 1862 1543 1573 1913 6139 6748 7917 8532 9292 7362 5280 2642 1755 2868 1925 2757 7404 9325 8703 8100 6963 6374 2570 2328 2308 2532 2550 3225 7591 9474 9839 8041 4176 3680 4161 4028 4040 4184 7178 7706 8747 9308 10089 8345 4736 4305 4910 4475 4891 6616 8434 10163 9678 9140 8149 7652 4952 4831 4822 4933 5100 5469 8782 10453 11048 9483 6535 6230 6645 6563 6570 6660 8853 9286 10167 10653 11413 9905 7133 6855 7280 7025 7297 8524 10023 11515 11162 10699 9866 9460 7447 7367 7361 7434 11907 10471 7900 7650 
2432 1420 5366 7289 3346 2764 1740 1320 4144 4749 5915 6530 7194 5235 3058 795 2129 4234 2071 625 5212 7177 6442 5818 4628 4005 779 1375 2550 3172 1975 0 5175 7150 7238 5296 1130 2275 3469 2912 1967 1607 4244 4837 5985 6594 7362 5464 3498 1755 2642 4562 2757 1925 5521 7404 6813 6226 5132 4578 2351 2610 3380 3870 3225 2550 5769 7591 8041 6350 3680 4176 5087 4725 4209 4053 5644 6102 7048 7571 8345 6731 4305 4736 6058 4891 4475 5303 6841 8434 8022 7529 6653 6236 4843 4973 5418 5736 5469 5100 7265 8782 9483 8098 6230 6535 7262 7013 6675 6578 7662 8006 8748 9175 9905 8589 6855 7133 8099 7297 7025 7550 8725 10023 9761 9361 8671 8355 7374 7461 7764 7990 10471 9235 7650 7900 
7289 5366 1420 2432 8405 7786 6608 5993 1621 1241 1278 1679 2129 795 2311 5235 7194 9376 7177 5212 625 2071 1297 706 637 1221 5898 6522 7713 8337 7150 5175 0 1975 2275 1130 5296 7238 8455 7840 6672 6063 1862 1543 1573 1913 2642 1755 2868 5464 7362 9529 7404 5521 1925 2757 2570 2328 2308 2532 6301 6889 8025 8627 7591 5769 2550 3225 4176 3680 6350 8041 9238 8678 7639 7114 4161 4028 4040 4184 4736 4305 6731 8345 10329 8434 6841 4910 4475 4891 4952 4831 4822 4933 7591 8086 9074 9610 8782 7265 5100 5469 6535 6230 8098 9483 10592 10107 9231 8801 6645 6563 6570 6660 7133 6855 8589 9905 11644 10023 8725 7280 7025 7297 7447 7367 7361 7434 9411 9814 10643 11103 7900 7650 9235 10471 
9234 7289 2432 1420 10366 9745 8562 7942 3346 2764 1740 1320 795 2129 4234 7194 9159 11347 9146 7177 2071 625 779 1375 2550 3172 7871 8495 9686 10311 9125 7150 1975 0 1130 2275 7238 9194 10407 9788 8611 7995 3469 2912 1967 1607 1755 2642 4562 7362 9292 11473 9325 7404 2757 1925 2351 2610 3380 3870 8177 8780 9937 10547 9474 7591 3225 2550 3680 4176 8041 9839 11052 10471 9380 8819 5087 4725 4209 4053 4305 4736 8345 10089 12146 10163 8434 6058 4891 4475 4843 4973 5418 5736 9208 9748 10802 11365 10453 8782 5469 5100 6230 6535 9483 11048 12206 11683 10716 10228 7262 7013 6675 6578 6855 7133 9905 11413 13282 11515 10023 8099 7297 7025 7374 7461 7764 7990 10757 11222 12149 12653 7650 7900 10471 11907 
9474 7591 3225 2550 10547 9937 8780 8177 3870 3380 2610 2351 1925 2757 4562 7404 9325 11473 9292 7362 2642 1755 1607 1967 2912 3469 7995 8611 9788 10407 9194 7238 2275 1130 0 1975 7150 9125 10311 9686 8495 7871 3172 2550 1375 779 625 2071 4234 7177 9146 11347 9159 7194 2129 795 1320 1740 2764 3346 7942 8562 9745 10366 9234 7289 2432 1420 2550 3225 7591 9474 10696 10095 8958 8368 4259 3819 3158 2948 3175 3739 7823 9661 11784 9718 7893 5297 3884 3345 3729 3897 4450 4833 8674 9245 10350 10937 9951 8178 4434 3970 5100 5469 8782 10453 11640 11090 10067 9546 6263 5973 5573 5457 5725 6056 9159 10772 12728 10863 9266 7154 6217 5895 6251 6352 6706 6966 10021 10518 11502 12033 6520 6812 9676 11214 
7591 5769 2550 3225 8627 8025 6889 6301 2532 2308 2328 2570 2757 1925 2868 5521 7404 9529 7362 5464 1755 2642 1913 1573 1543 1862 6063 6672 7840 8455 7238 5296 1130 2275 1975 0 5175 7150 8337 7713 6522 5898 1221 637 706 1297 2071 625 2311 5212 7177 9376 7194 5235 795 2129 1679 1278 1241 1621 5993 6608 7786 8405 7289 5366 1420 2432 3225 2550 5769 7591 8809 8220 7115 6547 3094 2913 2929 3125 3739 3175 6071 7823 9902 7893 6161 3932 3345 3884 3870 3714 3702 3846 6934 7472 8531 9100 8178 6522 3970 4434 5469 5100 7265 8782 9934 9416 8468 7997 5537 5438 5447 5554 6056 5725 7717 9159 11008 9266 7844 6212 5895 6217 6336 6242 6234 6321 8558 9000 9897 10391 6812 6520 8324 9676 
3225 2550 5769 7591 3870 3380 2610 2351 4578 5132 6226 6813 7404 5521 3498 1925 2757 4562 2642 1755 5464 7362 6594 5985 4837 4244 1607 1967 2912 3469 2275 1130 5296 7238 7150 5175 0 1975 3172 2550 1375 779 4005 4628 5818 6442 7177 5212 3058 625 2071 4234 2129 795 5235 7194 6530 5915 4749 4144 1320 1740 2764 3346 2432 1420 5366 7289 7591 5769 2550 3225 4259 3819 3158 2948 4911 5431 6475 7041 7823 6071 3175 3739 5297 3884 3345 4413 6161 7893 7403 6866 5892 5416 3729 3897 4450 4833 4434 3970 6522 8178 8782 7265 5100 5469 6263 5973 5573 5457 6723 7112 7938 8406 9159 7717 5725 6056 7154 6217 5895 6527 7844 9266 8942 8504 7738 7382 6251 6352 6706 6966 9676 8324 6520 6812 
2550 3225 7591 9474 2532 2308 2328 2570 6374 6963 8100 8703 9325 7404 5280 2757 1925 2868 1755 2642 7362 9292 8532 7917 6748 6139 1913 1573 1543 1862 1130 2275 7238 9194 9125 7150 1975 0 1221 637 706 1297 5976 6600 7791 8415 9146 7177 5000 2071 625 2311 795 2129 7194 9159 8482 7863 6685 6070 1679 1278 1241 1621 1420 2432 7289 9234 9474 7591 3225 2550 3094 2913 2929 3125 6617 7186 8293 8883 9661 7823 3739 3175 3932 3345 3884 5927 7893 9718 9171 8602 7540 7000 3870 3714 3702 3846 3970 4434 8178 9951 10453 8782 5469 5100 5537 5438 5447 5554 8055 8528 9480 9999 10772 9159 6056 5725 6212 5895 6217 7632 9266 10863 10454 9958 9057 8612 6336 6242 6234 6321 11214 9676 6812 6520 
3094 4259 8809 10696 2550 2625 3131 3530 7591 8182 9322 9925 10546 8626 6497 3868 2528 2378 2379 3772 8584 10511 9750 9136 7969 7361 3004 2522 1858 1750 1862 3469 8455 10407 10311 8337 3172 1221 0 625 1817 2442 7150 7775 8967 9592 10311 8337 6145 3172 1223 1093 1277 3194 8346 10318 9625 9002 7816 7194 2569 1985 1015 800 1621 3346 8405 10366 10547 8627 3870 2532 2550 2625 3131 3530 7591 8182 9322 9925 10697 8810 4263 3099 3120 3257 4379 6804 8867 10744 10160 9572 8465 7895 4145 3811 3407 3350 3846 4833 9100 10937 11365 9610 5736 4933 5100 5138 5414 5654 8782 9298 10315 10863 11642 9937 6268 5542 5593 5708 6415 8237 10030 11722 11261 10733 9760 9269 6385 6173 5933 5900 12033 10391 6966 6321 
2913 3819 8220 10095 2625 2550 2814 3131 7005 7591 8723 9322 9936 8024 5911 3377 2303 2705 2138 3267 7978 9899 9136 8523 7361 6755 2522 2117 1750 1858 1543 2912 7840 9788 9686 7713 2550 637 625 0 1192 1817 6525 7150 8342 8967 9687 7713 5521 2551 639 1690 738 2578 7722 9694 9002 8380 7194 6573 1985 1435 800 1015 1241 2764 7786 9745 9937 8025 3380 2308 2625 2550 2814 3131 7005 7591 8723 9322 10096 8222 3823 2918 3376 3085 3952 6247 8283 10146 9572 8989 7895 7334 3811 3555 3350 3407 3702 4450 8531 10350 10802 9074 5418 4822 5138 5100 5237 5414 8281 8782 9777 10315 11093 9419 5977 5443 5740 5612 6132 7783 9517 11177 10733 10217 9269 8796 6173 6019 5900 5933 11502 9897 6706 6234 
2929 3158 7115 8958 3131 2814 2550 2625 5911 6480 7591 8182 8779 6887 4820 2605 2323 3558 2160 2461 6834 8737 7969 7361 6209 5612 1858 1750 2117 2522 1573 1967 6672 8611 8495 6522 1375 706 1817 1192 0 625 5333 5958 7150 7775 8495 6522 4333 1376 708 2863 799 1425 6533 8503 7816 7194 6011 5392 1015 800 1435 1985 1278 1740 6608 8562 8780 6889 2610 2328 3131 2814 2550 2625 5911 6480 7591 8182 8960 7117 3162 2934 4091 3100 3317 5227 7187 9016 8465 7895 6835 6297 3407 3350 3555 3811 3714 3897 7472 9245 9748 8086 4973 4831 5414 5237 5100 5138 7379 7842 8782 9298 10069 8471 5578 5452 6187 5620 5743 6990 8581 10162 9760 9269 8384 7953 5933 5900 6019 6173 10518 9000 6352 6242 
3125 2948 6547 8368 3530 3131 2625 2550 5354 5911 7005 7591 8176 6299 4270 2346 2565 4073 2419 2185 6241 8131 7361 6755 5612 5022 1750 1858 2522 3004 1913 1607 6063 7995 7871 5898 779 1297 2442 1817 625 0 4708 5333 6525 7150 7871 5898 3711 781 1298 3483 1350 863 5909 7879 7194 6573 5392 4775 800 1015 1985 2569 1679 1320 5993 7942 8177 6301 2351 2570 3530 3131 2625 2550 5354 5911 7005 7591 8370 6549 2952 3129 4546 3286 3118 4724 6625 8430 7895 7334 6297 5778 3350 3407 3811 4145 3870 3729 6934 8674 9208 7591 4843 4952 5654 5414 5138 5100 6940 7379 8281 8782 9548 8000 5462 5559 6497 5725 5630 6623 8116 9646 9269 8796 7953 7548 5900 5933 6173 6385 10021 8558 6251 6336 
6617 4911 3094 4259 7591 7005 5911 5354 2550 2625 3131 3530 3868 2528 2378 4575 6372 8446 6315 4495 2379 3772 3004 2522 1858 1750 5022 5612 6755 7361 6139 4244 1862 3469 3172 1221 4005 5976 7150 6525 5333 4708 0 625 1817 2442 3172 1223 1093 4005 5976 8177 5987 4022 1277 3194 2569 1985 1015 800 4775 5392 6573 7194 6070 4144 1621 3346 3870 2532 4578 6374 7591 7005 5911 5354 2550 2625 3131 3530 4263 3099 4914 6620 8684 6695 5015 3120 3257 4379 4145 3811 3407 3350 5778 6297 7334 7895 7000 5416 3846 4833 5736 4933 6236 7652 8782 8281 7379 6940 5100 5138 5414 5654 6268 5542 6728 8058 9847 8173 6865 5593 5708 6415 6385 6173 5933 5900 7548 7953 8796 9269 6966 6321 7382 8612 
7186 5431 2913 3819 8182 7591 6480 5911 2625 2550 2814 3131 3377 2303 2705 5130 6961 9052 6908 5058 2138 3267 2522 2117 1750 1858 5612 6209 7361 7969 6748 4837 1543 2912 2550 637 4628 6600 7775 7150 5958 5333 625 0 1192 1817 2551 639 1690 4628 6600 8802 6610 4643 738 2578 1985 1435 800 1015 5392 6011 7194 7816 6685 4749 1241 2764 3380 2308 5132 6963 8182 7591 6480 5911 2625 2550 2814 3131 3823 2918 5434 7188 9274 7258 5526 3376 3085 3952 3811 3555 3350 3407 6297 6835 7895 8465 7540 5892 3702 4450 5418 4822 6653 8149 9298 8782 7842 7379 5138 5100 5237 5414 5977 5443 7116 8531 10371 8640 7246 5740 5612 6132 6173 6019 5900 5933 7953 8384 9269 9760 6706 6234 7738 9057 
8293 6475 2929 3158 9322 8723 7591 7005 3131 2814 2550 2625 2605 2323 3558 6225 8099 10213 8054 6166 2160 2461 1858 1750 2117 2522 6755 7361 8523 9136 7917 5985 1573 1967 1375 706 5818 7791 8967 8342 7150 6525 1817 1192 0 625 1376 708 2863 5818 7791 9993 7800 5830 799 1425 1015 800 1435 1985 6573 7194 8380 9002 7863 5915 1278 1740 2610 2328 6226 8100 9322 8723 7591 7005 3131 2814 2550 2625 3162 2934 6477 8295 10411 8355 6554 4091 3100 3317 3407 3350 3555 3811 7334 7895 8989 9572 8602 6866 3714 3897 4973 4831 7529 9140 10315 9777 8782 8281 5414 5237 5100 5138 5578 5452 7942 9483 11399 9581 8059 6187 5620 5743 5933 5900 6019 6173 8796 9269 10217 10733 6352 6242 8504 9958 
8883 7041 3125 2948 9925 9322 8182 7591 3530 3131 2625 2550 2346 2565 4073 6812 8701 10825 8659 6758 2419 2185 1750 1858 2522 3004 7361 7969 9136 9750 8532 6594 1913 1607 779 1297 6442 8415 9592 8967 7775 7150 2442 1817 625 0 781 1298 3483 6442 8415 10617 8423 6453 1350 863 800 1015 1985 2569 7194 7816 9002 9625 8482 6530 1679 1320 2351 2570 6813 8703 9925 9322 8182 7591 3530 3131 2625 2550 2952 3129 7043 8884 11012 8940 7114 4546 3286 3118 3350 3407 3811 4145 7895 8465 9572 10160 9171 7403 3870 3729 4843 4952 8022 9678 10863 10315 9298 8782 5654 5414 5138 5100 5462 5559 8410 10002 11950 10095 8520 6497 5725 5630 5900 5933 6173 6385 9269 9760 10733 11261 6251 6336 8942 10454 
9661 7823 3739 3175 10697 10096 8960 8370 4263 3823 3162 2952 2550 3225 4848 7591 9474 11590 9430 7535 3092 2380 2185 2461 3267 3772 8131 8737 9899 10511 9292 7362 2642 1755 625 2071 7177 9146 10311 9687 8495 7871 3172 2551 1376 781 0 1975 4175 7150 9125 11325 9126 7152 1982 170 863 1425 2578 3194 7879 8503 9694 10318 9159 7194 2129 795 1925 2757 7404 9325 10546 9936 8779 8176 3868 3377 2605 2346 2550 3225 7591 9474 11627 9521 7649 4936 3361 2720 3118 3317 3952 4379 8430 9016 10146 10744 9718 7893 3884 3345 4475 4891 8434 10163 11363 10799 9745 9206 5732 5413 4969 4838 5100 5469 8782 10453 12455 10537 8882 6656 5627 5270 5630 5743 6132 6415 9646 10162 11177 11722 5895 6217 9266 10863 
7823 6071 3175 3739 8810 8222 7117 6549 3099 2918 2934 3129 3225 2550 3303 5769 7591 9669 7535 5696 2380 3092 2419 2160 2138 2379 6241 6834 7978 8584 7362 5464 1755 2642 2071 625 5212 7177 8337 7713 6522 5898 1223 639 708 1298 1975 0 2201 5175 7150 9350 7152 5177 170 1982 1350 799 738 1277 5909 6533 7722 8346 7194 5235 795 2129 2757 1925 5521 7404 8626 8024 6887 6299 2528 2303 2323 2565 3225 2550 5769 7591 9714 7649 5846 3432 2720 3361 3286 3100 3085 3257 6625 7187 8283 8867 7893 6161 3345 3884 4891 4475 6841 8434 9608 9071 8083 7588 4928 4817 4826 4948 5469 5100 7265 8782 10691 8882 7386 5632 5270 5627 5725 5620 5612 5708 8116 8581 9517 10030 6217 5895 7844 9266 
5927 4413 3932 5297 6804 6247 5227 4724 3120 3376 4091 4546 4936 3432 2550 3974 5607 7591 5529 3863 3303 4848 4073 3558 2705 2378 4270 4820 5911 6497 5280 3498 2868 4562 4234 2311 3058 5000 6145 5521 4333 3711 1093 1690 2863 3483 4175 2201 0 2976 4950 7150 4950 2976 2201 4175 3483 2863 1690 1093 3711 4333 5521 6145 5000 3058 2311 4234 4562 2868 3498 5280 6497 5911 4820 4270 2378 2705 3558 4073 4848 3303 3863 5529 7591 5607 3974 2550 3432 4936 4546 4091 3376 3120 4724 5227 6247 6804 5927 4413 3932 5297 6058 4910 5303 6616 7726 7239 6380 5975 4808 4978 5488 5836 6525 5476 5831 7046 8782 7168 5977 5100 5632 6656 6497 6187 5740 5593 6623 6990 7783 8237 7154 6212 6527 7632 
3739 3175 6071 7823 4263 3823 3162 2952 4914 5434 6477 7043 7591 5769 3863 2550 3225 4848 3092 2380 5696 7535 6758 6166 5058 4495 2185 2461 3267 3772 2642 1755 5464 7362 7177 5212 625 2071 3172 2551 1376 781 4005 4628 5818 6442 7150 5175 2976 0 1975 4175 1982 170 5177 7152 6453 5830 4643 4022 863 1425 2578 3194 2129 795 5235 7194 7404 5521 1925 2757 3868 3377 2605 2346 4575 5130 6225 6812 7591 5769 2550 3225 4936 3361 2720 3974 5846 7649 7114 6554 5526 5015 3118 3317 3952 4379 3884 3345 6161 7893 8434 6841 4475 4891 5732 5413 4969 4838 6232 6649 7526 8019 8782 7265 5100 5469 6656 5627 5270 5977 7386 8882 8520 8059 7246 6865 5630 5743 6132 6415 9266 7844 5895 6217 
3175 3739 7823 9661 3099 2918 2934 3129 6620 7188 8295 8884 9474 7591 5529 3225 2550 3303 2380 3092 7535 9430 8659 8054 6908 6315 2419 2160 2138 2379 1755 2642 7362 9292 9146 7177 2071 625 1223 639 708 1298 5976 6600 7791 8415 9125 7150 4950 1975 0 2201 170 1982 7152 9126 8423 7800 6610 5987 1350 799 738 1277 795 2129 7194 9159 9325 7404 2757 1925 2528 2303 2323 2565 6372 6961 8099 8701 9474 7591 3225 2550 3432 2720 3361 5607 7649 9521 8940 8355 7258 6695 3286 3100 3085 3257 3345 3884 7893 9718 10163 8434 4891 4475 4928 4817 4826 4948 7649 8146 9137 9675 10453 8782 5469 5100 5632 5270 5627 7168 8882 10537 10095 9581 8640 8173 5725 5620 5612 5708 10863 9266 6217 5895 
3932 5297 9902 11784 3120 3376 4091 4546 8684 9274 10411 11012 11627 9714 7591 4936 3432 2550 3303 4848 9669 11590 10825 10213 9052 8446 4073 3558 2705 2378 2868 4562 9529 11473 11347 9376 4234 2311 1093 1690 2863 3483 8177 8802 9993 10617 11325 9350 7150 4175 2201 0 2201 4175 9350 11325 10617 9993 8802 8177 3483 2863 1690 1093 2311 4234 9376 11347 11473 9529 4562 2868 2378 2705 3558 4073 8446 9052 10213 10825 11590 9669 4848 3303 2550 3432 4936 7591 9714 11627 11012 10411 9274 8684 4546 4091 3376 3120 3932 5297 9902 11784 12146 10329 6058 4910 4808 4978 5488 5836 9423 9970 11035 11604 12385 10610 6525 5476 5100 5632 6656 8782 10691 12455 11950 11399 10371 9847 6497 6187 5740 5593 12728 11008 7154 6212 
3345 3884 7893 9718 3257 3085 3100 3286 6695 7258 8355 8940 9521 7649 5607 3361 2720 3432 2550 3225 7591 9474 8701 8099 6961 6372 2565 2323 2303 2528 1925 2757 7404 9325 9159 7194 2129 795 1277 738 799 1350 5987 6610 7800 8423 9126 7152 4950 1982 170 2201 0 1975 7150 9125 8415 7791 6600 5976 1298 708 639 1223 625 2071 7177 9146 9292 7362 2642 1755 2379 2138 2160 2419 6315 6908 8054 8659 9430 7535 3092 2380 3303 2550 3225 5529 7591 9474 8884 8295 7188 6620 3129 2934 2918 3099 3175 3739 7823 9661 10089 8345 4736 4305 4763 4648 4658 4783 7544 8047 9050 9593 10371 8684 5310 4930 5476 5100 5469 7046 8782 10453 10002 9483 8531 8058 5559 5452 5443 5542 10772 9159 6056 5725 
3884 3345 6161 7893 4379 3952 3317 3118 5015 5526 6554 7114 7649 5846 3974 2720 3361 4936 3225 2550 5769 7591 6812 6225 5130 4575 2346 2605 3377 3868 2757 1925 5521 7404 7194 5235 795 2129 3194 2578 1425 863 4022 4643 5830 6453 7152 5177 2976 170 1982 4175 1975 0 5175 7150 6442 5818 4628 4005 781 1376 2551 3172 2071 625 5212 7177 7362 5464 1755 2642 3772 3267 2461 2185 4495 5058 6166 6758 7535 5696 2380 3092 4848 3225 2550 3863 5769 7591 7043 6477 5434 4914 2952 3162 3823 4263 3739 3175 6071 7823 8345 6731 4305 4736 5591 5263 4805 4670 6102 6528 7419 7918 8684 7147 4930 5310 6525 5469 5100 5831 7265 8782 8410 7942 7116 6728 5462 5578 5977 6268 9159 7717 5725 6056 
7893 6161 3345 3884 8867 8283 7187 6625 3257 3085 3100 3286 3361 2720 3432 5846 7649 9714 7591 5769 2550 3225 2565 2323 2303 2528 6299 6887 8024 8626 7404 5521 1925 2757 2129 795 5235 7194 8346 7722 6533 5909 1277 738 799 1350 1982 170 2201 5177 7152 9350 7150 5175 0 1975 1298 708 639 1223 5898 6522 7713 8337 7177 5212 625 2071 2642 1755 5464 7362 8584 7978 6834 6241 2379 2138 2160 2419 3092 2380 5696 7535 9669 7591 5769 3303 2550 3225 3129 2934 2918 3099 6549 7117 8222 8810 7823 6071 3175 3739 4736 4305 6731 8345 9524 8983 7983 7482 4763 4648 4658 4783 5310 4930 7147 8684 10610 8782 7265 5476 5100 5469 5559 5452 5443 5542 8000 8471 9419 9937 6056 5725 7717 9159 
9718 7893 3884 3345 10744 10146 9016 8430 4379 3952 3317 3118 2720 3361 4936 7649 9521 11627 9474 7591 3225 2550 2346 2605 3377 3868 8176 8779 9936 10546 9325 7404 2757 1925 795 2129 7194 9159 10318 9694 8503 7879 3194 2578 1425 863 170 1982 4175 7152 9126 11325 9125 7150 1975 0 781 1376 2551 3172 7871 8495 9687 10311 9146 7177 2071 625 1755 2642 7362 9292 10511 9899 8737 8131 3772 3267 2461 2185 2380 3092 7535 9430 11590 9474 7591 4848 3225 2550 2952 3162 3823 4263 8370 8960 10096 10697 9661 7823 3739 3175 4305 4736 8345 10089 11293 10725 9663 9119 5591 5263 4805 4670 4930 5310 8684 10371 12385 10453 8782 6525 5469 5100 5462 5578 5977 6268 9548 10069 11093 11642 5725 6056 9159 10772 
9171 7403 3870 3729 10160 9572 8465 7895 4145 3811 3407 3350 3118 3286 4546 7114 8940 11012 8884 7043 3129 2952 2550 2625 3131 3530 7591 8182 9322 9925 8703 6813 2570 2351 1320 1679 6530 8482 9625 9002 7816 7194 2569 1985 1015 800 863 1350 3483 6453 8423 10617 8415 6442 1298 781 0 625 1817 2442 7150 7775 8967 9592 8415 6442 1297 779 1607 1913 6594 8532 9750 9136 7969 7361 3004 2522 1858 1750 2185 2419 6758 8659 10825 8701 6812 4073 2565 2346 2550 2625 3131 3530 7591 8182 9322 9925 8883 7041 3125 2948 4053 4184 7571 9308 10511 9944 8884 8343 4945 4668 4345 4300 4670 4783 7918 9593 11604 9675 8019 5836 4948 4838 5100 5138 5414 5654 8782 9298 10315 10863 5457 5554 8406 9999 
8602 6866 3714 3897 9572 8989 7895 7334 3811 3555 3350 3407 3317 3100 4091 6554 8355 10411 8295 6477 2934 3162 2625 2550 2814 3131 7005 7591 8723 9322 8100 6226 2328 2610 1740 1278 5915 7863 9002 8380 7194 6573 1985 1435 800 1015 1425 799 2863 5830 7800 9993 7791 5818 708 1376 625 0 1192 1817 6525 7150 8342 8967 7791 5818 706 1375 1967 1573 5985 7917 9136 8523 7361 6755 2522 2117 1750 1858 2461 2160 6166 8054 10213 8099 6225 3558 2323 2605 2625 2550 2814 3131 7005 7591 8723 9322 8293 6475 2929 3158 4209 4040 7048 8747 9944 9385 8343 7814 4668 4462 4300 4345 4805 4658 7419 9050 11035 9137 7526 5488 4826 4969 5138 5100 5237 5414 8281 8782 9777 10315 5573 5447 7938 9480 
