0 1150 2550 3700 5100 6250 7650 8800 9358 8203 6809 5655 4262 3110 1722 604 9339 9169 8191 7916 7997 6795 6629 5649 5454 5374 4257 4100 3119 2925 2848 1755 1640 742 588 605 1380 3794 6316 8854 10354 9800 8462 8004 7000 6714 6278 6253 6374 6476 6492 6838 6942 7146 8117 8214 8544 9901 9987 10389 10342 10220 10106 10045 8517 8429 8336 8285 7150 7117 7061 7028 6535 6575 6577 6569 7150 7241 7591 8050 8782 9496 10471 11338 11926 11045 10051 9310 8534 8023 7591 7420 7688 7664 7692 7855 8177 8181 8268 8761 9361 9387 9515 10237 11019 11060 11213 12077 12035 11827 10233 10069 8808 8711 7966 7962 15738 15381 14563 14304 13765 13624 13412 13403 13524 13626 13680 13633 13748 13853 13984 13956 14428 14532 14730 14721 15501 15603 15855 15863 15798 15725 15683 14703 14650 14618 13992 13964 13944 13725 13726 13719 
1150 0 1400 2550 3950 5100 6500 7650 8208 7054 5660 4506 3114 1965 607 650 8191 8023 7044 6769 6849 5649 5486 4505 4310 4231 3119 2972 1995 1803 1732 742 758 816 1048 963 725 2675 5176 7709 9462 8945 7733 7341 6563 6386 6272 6377 6490 6585 6510 6510 6615 6741 7460 7561 7842 9051 9142 9517 9478 9369 9263 9206 7828 7761 7683 7639 6762 6761 6727 6706 6570 6670 6646 6677 7241 7150 7285 7591 8168 8782 9662 10471 11047 10220 9311 8660 8023 7652 7418 7424 7736 7700 7700 7692 7858 7850 7912 8268 8755 8772 8884 9515 10226 10261 10404 11213 11187 10996 9533 9395 8343 8285 7832 7875 15166 14851 14152 13944 13548 13465 13410 13461 13579 13678 13696 13641 13588 13693 13789 13753 14068 14173 14342 14325 14973 15076 15305 15306 15262 15197 15159 14331 14289 14262 13815 13798 13785 13771 13759 13771 
2550 1400 0 1150 2550 3700 5100 6250 6809 5655 4262 3110 1722 604 880 2015 6795 6629 5649 5374 5454 4257 4100 3119 2925 2848 1755 1640 742 605 588 1020 1252 2091 2363 2276 1554 1380 3794 6316 8462 8004 7000 6714 6278 6253 6544 6792 6892 6977 6799 6374 6476 6492 6838 6942 7146 8117 8214 8544 8517 8429 8336 8285 7150 7117 7061 7028 6535 6577 6575 6569 6877 7043 6990 7064 7591 7285 7150 7241 7591 8050 8782 9496 10051 9310 8534 8023 7591 7420 7446 7665 8021 7972 7937 7724 7688 7664 7692 7855 8177 8181 8268 8761 9361 9387 9515 10237 10233 10069 8808 8711 7966 7962 7895 7994 14563 14304 13765 13624 13412 13403 13539 13663 13776 13871 13846 13782 13524 13626 13680 13633 13748 13853 13984 13956 14428 14532 14730 14721 14703 14650 14618 13992 13964 13944 13726 13725 13719 13955 13928 13963 
3700 2550 1150 0 1400 2550 3950 5100 5660 4506 3114 1965 607 650 2010 3159 5649 5486 4505 4231 4310 3119 2972 1995 1803 1732 742 758 816 963 1048 2091 2306 3218 3493 3406 2627 725 2675 5176 7733 7341 6563 6386 6272 6377 6973 7318 7406 7481 7233 6490 6585 6510 6510 6615 6741 7460 7561 7842 7828 7761 7683 7639 6762 6761 6727 6706 6570 6646 6670 6677 7323 7532 7460 7564 8050 7591 7241 7150 7285 7591 8168 8782 9311 8660 8023 7652 7418 7424 7662 8042 8423 8365 8305 7937 7736 7700 7700 7692 7858 7850 7912 8268 8755 8772 8884 9515 9533 9395 8343 8285 7832 7875 8129 8269 14152 13944 13548 13465 13410 13461 13751 13932 14040 14131 14073 14001 13579 13678 13696 13641 13588 13693 13789 13753 14068 14173 14342 14325 14331 14289 14262 13815 13798 13785 13759 13771 13771 14208 14170 14222 
5100 3950 2550 1400 0 1150 2550 3700 4262 3110 1722 604 880 2015 3404 4556 4257 4100 3119 2848 2925 1755 1640 742 605 588 1020 1252 2091 2276 2363 3465 3667 4605 4881 4795 3991 1554 1380 3794 7000 6714 6278 6253 6544 6792 7697 8134 8209 8272 7957 6892 6977 6799 6374 6476 6492 6838 6942 7146 7150 7117 7061 7028 6535 6577 6575 6569 6877 6990 7043 7064 8056 8305 8215 8347 8782 8168 7591 7285 7150 7241 7591 8050 8534 8023 7591 7420 7446 7665 8139 8686 9087 9020 8935 8404 8021 7972 7937 7724 7688 7664 7692 7855 8177 8181 8268 8761 8808 8711 7966 7962 7895 7994 8615 8798 13765 13624 13412 13403 13539 13663 14132 14377 14479 14565 14468 14388 13776 13871 13846 13782 13524 13626 13680 13633 13748 13853 13984 13956 13992 13964 13944 13726 13725 13719 13928 13955 13963 14633 14581 14653 
6250 5100 3700 2550 1150 0 1400 2550 3114 1965 607 650 2010 3159 4551 5705 3119 2972 1995 1732 1803 742 758 816 963 1048 2091 2306 3218 3406 3493 4605 4802 5749 6025 5940 5126 2627 725 2675 6563 6386 6272 6377 6973 7318 8420 8914 8978 9032 8676 7406 7481 7233 6490 6585 6510 6510 6615 6741 6762 6761 6727 6706 6570 6646 6670 6677 7323 7460 7532 7564 8780 9054 8951 9101 9496 8782 8050 7591 7241 7150 7285 7591 8023 7652 7418 7424 7662 8042 8682 9340 9750 9678 9575 8935 8423 8365 8305 7937 7736 7700 7700 7692 7858 7850 7912 8268 8343 8285 7832 7875 8129 8269 9156 9368 13548 13465 13410 13461 13751 13932 14539 14832 14929 15010 14883 14798 14040 14131 14073 14001 13579 13678 13696 13641 13588 13693 13789 13753 13815 13798 13785 13759 13771 13771 14170 14208 14222 15070 15009 15096 
7650 6500 5100 3950 2550 1400 0 1150 1722 604 880 2015 3404 4556 5950 7104 1755 1640 742 588 605 1020 1252 2091 2276 2363 3465 3667 4605 4795 4881 5998 6191 7144 7421 7336 6515 3991 1554 1380 6278 6253 6544 6792 7697 8134 9416 9960 10013 10058 9664 8209 8272 7957 6892 6977 6799 6374 6476 6492 6535 6577 6575 6569 6877 6990 7043 7064 8056 8215 8305 8347 9772 10068 9955 10121 10471 9662 8782 8168 7591 7285 7150 7241 7591 7420 7446 7665 8139 8686 9490 10255 10669 10592 10472 9726 9087 9020 8935 8404 8021 7972 7937 7724 7688 7664 7692 7855 7966 7962 7895 7994 8615 8798 9955 10195 13412 13403 13539 13663 14132 14377 15137 15483 15573 15649 15489 15398 14479 14565 14468 14388 13776 13871 13846 13782 13524 13626 13680 13633 13726 13725 13719 13928 13955 13963 14581 14633 14653 15700 15628 15732 
8800 7650 6250 5100 3700 2550 1150 0 607 650 2010 3159 4551 5705 7099 8253 742 758 816 1048 963 2091 2306 3218 3406 3493 4605 4802 5749 5940 6025 7144 7336 8291 8568 8484 7659 5126 2627 725 6272 6377 6973 7318 8420 8914 10304 10879 10925 10963 10546 8978 9032 8676 7406 7481 7233 6490 6585 6510 6570 6646 6670 6677 7323 7460 7532 7564 8780 8951 9054 9101 10656 10965 10845 11021 11338 10471 9496 8782 8050 7591 7241 7150 7418 7424 7662 8042 8682 9340 10250 11082 11496 11417 11286 10472 9750 9678 9575 8935 8423 8365 8305 7937 7736 7700 7700 7692 7832 7875 8129 8269 9156 9368 10704 10961 13410 13461 13751 13932 14539 14832 15705 16090 16174 16246 16061 15967 14929 15010 14883 14798 14040 14131 14073 14001 13579 13678 13696 13641 13759 13771 13771 14170 14208 14222 15009 15070 15096 16290 16210 16325 
9358 8208 6809 5660 4262 3114 1722 607 0 1155 2550 3705 5100 6255 7650 8805 278 475 1212 1484 1398 2594 2792 3740 3932 4017 5137 5327 6286 6479 6563 7684 7871 8834 9111 9027 8193 5650 3116 713 6100 6271 7023 7419 8627 9153 10609 11203 11243 11277 10845 9210 9259 8879 7500 7569 7284 6378 6469 6347 6416 6509 6546 6560 7379 7528 7610 7647 8985 9164 9273 9324 10956 11272 11149 11331 11625 10721 9692 8922 8108 7568 7109 6924 7150 7244 7591 8054 8782 9501 10471 11343 11757 11675 11538 10683 9914 9839 9726 9026 8446 8383 8311 7862 7577 7535 7520 7427 7579 7645 8064 8225 9252 9479 10917 11184 13196 13278 13647 13858 14538 14858 15795 16202 16283 16351 16153 16056 14951 15030 14887 14799 13963 14052 13976 13900 13394 13492 13492 13433 13563 13581 13584 14081 14125 14142 15019 15086 15114 16391 16306 16429 
8203 7054 5655 4506 3110 1965 604 650 1155 0 1395 2550 3945 5100 6495 7650 1158 1036 276 414 337 1451 1660 2589 2780 2866 3984 4176 5132 5325 5409 6530 6718 7679 7957 7873 7041 4500 1982 785 5999 6038 6496 6804 7837 8314 9677 10245 10293 10333 9921 8381 8439 8095 6897 6976 6755 6155 6254 6225 6277 6336 6346 6347 6841 6968 7032 7060 8197 8365 8464 8509 10030 10336 10217 10391 10716 9864 8918 8237 7564 7170 6921 6926 7240 7150 7282 7591 8164 8782 9658 10471 10885 10806 10678 9884 9189 9118 9021 8422 7962 7907 7858 7560 7440 7410 7425 7509 7633 7650 7743 7864 8639 8841 10116 10367 13149 13169 13383 13537 14083 14356 15184 15554 15641 15714 15539 15445 14455 14538 14424 14341 13647 13741 13698 13630 13288 13389 13426 13375 13480 13485 13482 13788 13821 13832 14544 14601 14625 15760 15683 15794 
6809 5660 4262 3114 1722 607 880 2010 2550 1395 0 1155 2550 3705 5100 6255 2535 2378 1397 1129 1204 278 475 1212 1398 1484 2594 2792 3740 3932 4017 5137 5327 6286 6563 6479 5650 3116 713 2075 6173 6050 6100 6271 7023 7419 8627 9153 9210 9259 8879 7500 7569 7284 6378 6469 6347 6174 6278 6365 6394 6408 6386 6370 6416 6509 6546 6560 7379 7528 7610 7647 8985 9273 9164 9324 9692 8922 8108 7568 7109 6924 6953 7184 7591 7286 7150 7244 7591 8054 8782 9501 9914 9839 9726 9026 8446 8383 8311 7862 7577 7535 7520 7427 7515 7501 7552 7842 7930 7889 7579 7645 8064 8225 9252 9479 13230 13175 13196 13278 13647 13858 14538 14858 14951 15030 14887 14799 13963 14052 13976 13900 13394 13492 13492 13433 13298 13401 13482 13441 13515 13505 13494 13563 13581 13584 14081 14125 14142 15086 15019 15114 
5655 4506 3110 1965 604 650 2015 3159 3705 2550 1155 0 1395 2550 3945 5100 3685 3520 2539 2265 2345 1158 1036 276 337 414 1451 1660 2589 2780 2866 3984 4176 5132 5409 5325 4500 1982 785 3210 6540 6295 5999 6038 6496 6804 7837 8314 8381 8439 8095 6897 6976 6755 6155 6254 6225 6420 6525 6698 6709 6688 6641 6613 6277 6336 6346 6347 6841 6968 7032 7060 8197 8464 8365 8509 8918 8237 7564 7170 6921 6926 7184 7585 8051 7591 7240 7150 7282 7591 8164 8782 9189 9118 9021 8422 7962 7907 7858 7560 7440 7410 7425 7509 7766 7765 7842 8284 8342 8259 7633 7650 7743 7864 8639 8841 13404 13289 13149 13169 13383 13537 14083 14356 14455 14538 14424 14341 13647 13741 13698 13630 13288 13389 13426 13375 13413 13517 13633 13602 13649 13626 13609 13480 13485 13482 13788 13821 13832 14601 14544 14625 
4262 3114 1722 607 880 2010 3404 4551 5100 3945 2550 1395 0 1155 2550 3705 5077 4908 3929 3654 3734 2535 2378 1397 1204 1129 278 475 1212 1398 1484 2594 2792 3740 4017 3932 3116 713 2075 4594 7212 6848 6173 6050 6100 6271 7023 7419 7500 7569 7284 6378 6469 6347 6174 6278 6365 6968 7070 7331 7322 7264 7192 7151 6394 6408 6386 6370 6416 6509 6546 6560 7379 7610 7528 7647 8108 7568 7109 6924 6953 7184 7691 8264 8782 8167 7591 7286 7150 7244 7591 8054 8446 8383 8311 7862 7577 7535 7520 7427 7515 7501 7552 7842 8280 8293 8398 8992 9017 8891 7930 7889 7579 7645 8064 8225 13746 13560 13230 13175 13196 13278 13647 13858 13963 14052 13976 13900 13394 13492 13492 13433 13298 13401 13482 13441 13685 13790 13946 13925 13941 13904 13880 13515 13505 13494 13563 13581 13584 14125 14081 14142 
3110 1965 604 650 2015 3159 4556 5705 6255 5100 3705 2550 1155 0 1395 2550 6231 6059 5082 4806 4887 3685 3520 2539 2345 2265 1158 1036 276 337 414 1451 1660 2589 2866 2780 1982 785 3210 5744 7910 7470 6540 6295 5999 6038 6496 6804 6897 6976 6755 6155 6254 6225 6420 6525 6698 7585 7683 8000 7976 7895 7806 7757 6709 6688 6641 6613 6277 6336 6346 6347 6841 7032 6968 7060 7564 7170 6921 6926 7184 7585 8265 8949 9498 8782 8051 7591 7240 7150 7282 7591 7962 7907 7858 7560 7440 7410 7425 7509 7766 7765 7842 8284 8847 8870 8993 9689 9691 9535 8342 8259 7633 7650 7743 7864 14123 13884 13404 13289 13149 13169 13383 13537 13647 13741 13698 13630 13288 13389 13426 13375 13413 13517 13633 13602 14008 14113 14299 14287 14279 14230 14200 13649 13626 13609 13480 13485 13482 13821 13788 13832 
1722 607 880 2010 3404 4551 5950 7099 7650 6495 5100 3945 2550 1395 0 1155 7625 7452 6475 6199 6281 5077 4908 3929 3734 3654 2535 2378 1397 1204 1129 278 475 1212 1484 1398 713 2075 4594 7135 8884 8377 7212 6848 6173 6050 6100 6271 6378 6469 6347 6174 6278 6365 6968 7070 7331 8485 8577 8943 8907 8802 8698 8643 7322 7264 7192 7151 6394 6408 6386 6370 6416 6546 6509 6560 7109 6924 6953 7184 7691 8264 9109 9898 10471 9661 8782 8167 7591 7286 7150 7244 7577 7535 7520 7427 7515 7501 7552 7842 8280 8293 8398 8992 9677 9709 9849 10640 10619 10433 9017 8891 7930 7889 7579 7645 14692 14393 13746 13560 13230 13175 13196 13278 13394 13492 13492 13433 13298 13401 13482 13441 13685 13790 13946 13925 14516 14620 14840 14837 14801 14740 14704 13941 13904 13880 13515 13505 13494 13581 13563 13584 
604 650 2015 3159 4556 5705 7104 8253 8805 7650 6255 5100 3705 2550 1155 0 8779 8605 7629 7353 7435 6231 6059 5082 4887 4806 3685 3520 2539 2345 2265 1158 1036 276 414 337 785 3210 5744 8288 9765 9219 7910 7470 6540 6295 5999 6038 6155 6254 6225 6420 6525 6698 7585 7683 8000 9321 9407 9804 9759 9640 9527 9467 7976 7895 7806 7757 6709 6688 6641 6613 6277 6346 6336 6347 6921 6926 7184 7585 8265 8949 9900 10755 11341 10471 9498 8782 8051 7591 7240 7150 7440 7410 7425 7509 7766 7765 7842 8284 8847 8870 8993 9689 10452 10492 10642 11494 11456 11252 9691 9535 8342 8259 7633 7650 15240 14898 14123 13884 13404 13289 13149 13169 13288 13389 13426 13375 13413 13517 13633 13602 14008 14113 14299 14287 15019 15121 15365 15371 15313 15242 15202 14279 14230 14200 13649 13626 13609 13485 13480 13482 
9339 8191 6795 5649 4257 3119 1755 742 278 1158 2535 3685 5077 6231 7625 8779 0 234 1150 1427 1344 2550 2734 3700 3894 3977 5100 5282 6250 6444 6527 7650 7831 8800 9077 8994 8152 5603 3056 538 5822 5997 6772 7179 8415 8950 10430 11031 11069 11101 10664 9005 9052 8665 7258 7325 7033 6104 6195 6069 6139 6233 6270 6285 7128 7280 7364 7403 8772 8953 9064 9116 10775 11094 10969 11154 11438 10522 9475 8690 7857 7303 6833 6645 6873 6966 7320 7795 8540 9274 10261 11147 11560 11478 11338 10471 9687 9612 9496 8782 8189 8125 8050 7591 7299 7257 7241 7150 7302 7366 7793 7957 9009 9240 10705 10974 12918 13000 13372 13585 14275 14599 15548 15960 16040 16108 15906 15809 14692 14770 14624 14536 13691 13779 13702 13626 13116 13213 13214 13154 13284 13302 13306 13807 13852 13869 14758 14825 14854 16147 16061 16185 
9169 8023 6629 5486 4100 2972 1640 758 475 1036 2378 3520 4908 6059 7452 8605 234 0 981 1254 1176 2374 2550 3523 3717 3799 4922 5100 6071 6266 6348 7471 7650 8621 8898 8815 7970 5420 2870 323 5644 5802 6549 6951 8181 8716 10197 10799 10837 10869 10431 8771 8818 8431 7031 7099 6810 5910 6002 5889 5956 6045 6080 6093 6905 7055 7139 7176 8538 8719 8830 8882 10542 10862 10736 10921 11205 10288 9242 8460 7634 7092 6645 6484 6726 6791 7118 7578 8313 9042 10027 10913 11326 11244 11104 10237 9455 9380 9265 8556 7971 7908 7835 7390 7119 7078 7066 7002 7150 7207 7591 7750 8782 9012 10471 10740 12755 12827 13180 13386 14063 14382 15323 15733 15813 15881 15681 15584 14476 14554 14411 14323 13492 13582 13508 13433 12944 13042 13048 12990 13116 13132 13135 13611 13655 13671 14543 14610 14639 15920 15835 15959 
8191 7044 5649 4505 3119 1995 742 816 1212 276 1397 2539 3929 5082 6475 7629 1150 981 0 277 194 1400 1587 2550 2744 2827 3950 4132 5100 5294 5377 6500 6681 7650 7927 7844 7002 4454 1910 680 5724 5762 6233 6550 7612 8100 9489 10066 10111 10149 9731 8165 8221 7869 6642 6720 6493 5879 5978 5950 6001 6060 6070 6071 6579 6709 6775 6804 7972 8142 8243 8290 9840 10150 10030 10206 10522 9656 8690 7994 7303 6899 6645 6654 6973 6875 7008 7324 7912 8545 9439 10266 10681 10601 10471 9662 8953 8882 8782 8168 7696 7641 7591 7285 7164 7134 7150 7241 7364 7378 7469 7591 8387 8592 9895 10150 12874 12893 13108 13264 13817 14094 14934 15309 15394 15467 15289 15195 14192 14276 14159 14075 13374 13467 13424 13355 13012 13113 13150 13100 13204 13209 13206 13514 13547 13559 14280 14338 14362 15513 15435 15547 
7916 6769 5374 4231 2848 1732 588 1048 1484 414 1129 2265 3654 4806 6199 7353 1427 1254 277 0 87 1123 1310 2273 2467 2550 3673 3855 4823 5017 5100 6223 6404 7373 7650 7567 6725 4177 1634 946 5726 5729 6120 6412 7426 7900 9264 9834 9881 9921 9507 7968 8025 7683 6507 6587 6379 5848 5949 5945 5992 6041 6045 6042 6462 6585 6647 6673 7786 7953 8051 8096 9617 9923 9805 9979 10302 9450 8507 7835 7183 6818 6620 6677 7016 6872 6950 7224 7770 8376 9244 10056 10471 10392 10264 9472 8782 8712 8617 8030 7591 7538 7494 7228 7150 7123 7146 7282 7396 7399 7406 7518 8246 8444 9703 9954 12869 12873 13050 13191 13711 13975 14787 15153 15240 15314 15142 15049 14075 14160 14050 13968 13303 13397 13362 13295 12993 13095 13141 13092 13191 13192 13188 13449 13479 13489 14169 14224 14247 15361 15285 15395 
7997 6849 5454 4310 2925 1803 605 963 1398 337 1204 2345 3734 4887 6281 7435 1344 1176 194 87 0 1206 1396 2356 2550 2633 3756 3939 4906 5100 5183 6306 6488 7456 7733 7650 6809 4261 1719 871 5748 5762 6176 6474 7500 7977 9346 9918 9964 10003 9589 8044 8101 7757 6568 6648 6434 5880 5980 5969 6018 6070 6075 6073 6518 6644 6706 6733 7859 8027 8126 8172 9698 10005 9887 10062 10383 9528 8580 7902 7240 6864 6651 6693 7026 6896 6990 7276 7833 8446 9320 10135 10550 10471 10342 9547 8852 8782 8686 8092 7644 7591 7545 7268 7177 7150 7170 7292 7409 7416 7448 7562 8309 8508 9778 10030 12894 12903 13091 13236 13765 14033 14852 15220 15307 15380 15206 15113 14132 14216 14105 14022 13347 13441 13404 13336 13023 13124 13168 13118 13218 13221 13217 13492 13523 13533 14224 14280 14303 15427 15350 15461 
6795 5649 4257 3119 1755 742 1020 2091 2594 1451 278 1158 2535 3685 5077 6231 2550 2374 1400 1123 1206 0 234 1150 1344 1427 2550 2734 3700 3894 3977 5100 5282 6250 6527 6444 5603 3056 538 2059 5912 5779 5822 5997 6772 7179 8415 8950 9005 9052 8665 7258 7325 7033 6104 6195 6069 5903 6008 6101 6128 6140 6116 6100 6139 6233 6270 6285 7128 7280 7364 7403 8772 9064 8953 9116 9475 8690 7857 7303 6833 6645 6682 6927 7341 7021 6873 6966 7320 7795 8540 9274 9687 9612 9496 8782 8189 8125 8050 7591 7299 7257 7241 7150 7246 7233 7285 7591 7675 7630 7302 7366 7793 7957 9009 9240 12958 12901 12918 13000 13372 13585 14275 14599 14692 14770 14624 14536 13691 13779 13702 13626 13116 13213 13214 13154 13023 13127 13209 13169 13241 13230 13219 13284 13302 13306 13807 13852 13869 14825 14758 14854 
6629 5486 4100 2972 1640 758 1252 2306 2792 1660 475 1036 2378 3520 4908 6059 2734 2550 1587 1310 1396 234 0 981 1176 1254 2374 2550 3523 3717 3799 4922 5100 6071 6348 6266 5420 2870 323 2230 5816 5658 5644 5802 6549 6951 8181 8716 8771 8818 8431 7031 7099 6810 5910 6002 5889 5782 5887 5998 6022 6026 5998 5979 5956 6045 6080 6093 6905 7055 7139 7176 8538 8830 8719 8882 9242 8460 7634 7092 6645 6484 6560 6840 7267 6913 6726 6791 7118 7578 8313 9042 9455 9380 9265 8556 7971 7908 7835 7390 7119 7078 7066 7002 7129 7118 7176 7513 7591 7537 7150 7207 7591 7750 8782 9012 12831 12763 12755 12827 13180 13386 14063 14382 14476 14554 14411 14323 13492 13582 13508 13433 12944 13042 13048 12990 12886 12990 13078 13040 13107 13094 13082 13116 13132 13135 13611 13655 13671 14610 14543 14639 
5649 4505 3119 1995 742 816 2091 3218 3740 2589 1212 276 1397 2539 3929 5082 3700 3523 2550 2273 2356 1150 981 0 194 277 1400 1587 2550 2744 2827 3950 4132 5100 5377 5294 4454 1910 680 3206 6299 6041 5724 5762 6233 6550 7612 8100 8165 8221 7869 6642 6720 6493 5879 5978 5950 6166 6271 6453 6462 6437 6387 6358 6001 6060 6070 6071 6579 6709 6775 6804 7972 8243 8142 8290 8690 7994 7303 6899 6645 6654 6927 7346 7819 7341 6973 6875 7008 7324 7912 8545 8953 8882 8782 8168 7696 7641 7591 7285 7164 7134 7150 7241 7511 7511 7591 8050 8104 8016 7364 7378 7469 7591 8387 8592 13140 13020 12874 12893 13108 13264 13817 14094 14192 14276 14159 14075 13374 13467 13424 13355 13012 13113 13150 13100 13144 13249 13367 13336 13382 13358 13340 13204 13209 13206 13514 13547 13559 14338 14280 14362 
5454 4310 2925 1803 605 963 2276 3406 3932 2780 1398 337 1204 2345 3734 4887 3894 3717 2744 2467 2550 1344 1176 194 0 87 1206 1396 2356 2550 2633 3756 3939 4906 5183 5100 4261 1719 871 3400 6399 6123 5748 5762 6176 6474 7500 7977 8044 8101 7757 6568 6648 6434 5880 5980 5969 6247 6351 6547 6553 6523 6469 6438 6018 6070 6075 6073 6518 6644 6706 6733 7859 8126 8027 8172 8580 7902 7240 6864 6651 6693 7003 7448 7929 7428 7026 6896 6990 7276 7833 8446 8852 8782 8686 8092 7644 7591 7545 7268 7177 7150 7170 7292 7589 7591 7675 8157 8206 8112 7409 7416 7448 7562 8309 8508 13197 13068 12894 12903 13091 13236 13765 14033 14132 14216 14105 14022 13347 13441 13404 13336 13023 13124 13168 13118 13192 13297 13421 13391 13433 13407 13388 13218 13221 13217 13492 13523 13533 14280 14224 14303 
5374 4231 2848 1732 588 1048 2363 3493 4017 2866 1484 414 1129 2265 3654 4806 3977 3799 2827 2550 2633 1427 1254 277 87 0 1123 1310 2273 2467 2550 3673 3855 4823 5100 5017 4177 1634 946 3482 6412 6127 5726 5729 6120 6412 7426 7900 7968 8025 7683 6507 6587 6379 5848 5949 5945 6250 6355 6557 6561 6529 6473 6441 5992 6041 6045 6042 6462 6585 6647 6673 7786 8051 7953 8096 8507 7835 7183 6818 6620 6677 7005 7462 7947 7434 7016 6872 6950 7224 7770 8376 8782 8712 8617 8030 7591 7538 7494 7228 7150 7123 7146 7282 7591 7594 7680 8173 8220 8122 7396 7399 7406 7518 8246 8444 13189 13055 12869 12873 13050 13191 13711 13975 14075 14160 14050 13968 13303 13397 13362 13295 12993 13095 13141 13092 13179 13284 13410 13382 13421 13394 13375 13191 13192 13188 13449 13479 13489 14224 14169 14247 
4257 3119 1755 742 1020 2091 3465 4605 5137 3984 2594 1451 278 1158 2535 3685 5100 4922 3950 3673 3756 2550 2374 1400 1206 1123 0 234 1150 1344 1427 2550 2734 3700 3977 3894 3056 538 2059 4604 7000 6621 5912 5779 5822 5997 6772 7179 7258 7325 7033 6104 6195 6069 5903 6008 6101 6741 6842 7114 7102 7040 6964 6922 6128 6140 6116 6100 6139 6233 6270 6285 7128 7364 7280 7403 7857 7303 6833 6645 6682 6927 7457 8051 8576 7941 7341 7021 6873 6966 7320 7795 8189 8125 8050 7591 7299 7257 7241 7150 7246 7233 7285 7591 8046 8060 8168 8782 8803 8670 7675 7630 7302 7366 7793 7957 13490 13299 12958 12901 12918 13000 13372 13585 13691 13779 13702 13626 13116 13213 13214 13154 13023 13127 13209 13169 13424 13529 13688 13668 13682 13643 13618 13241 13230 13219 13284 13302 13306 13852 13807 13869 
4100 2972 1640 758 1252 2306 3667 4802 5327 4176 2792 1660 475 1036 2378 3520 5282 5100 4132 3855 3939 2734 2550 1587 1396 1310 234 0 981 1176 1254 2374 2550 3523 3799 3717 2870 323 2230 4780 6985 6586 5816 5658 5644 5802 6549 6951 7031 7099 6810 5910 6002 5889 5782 5887 5998 6704 6805 7091 7075 7007 6927 6883 6022 6026 5998 5979 5956 6045 6080 6093 6905 7139 7055 7176 7634 7092 6645 6484 6560 6840 7410 8033 8567 7905 7267 6913 6726 6791 7118 7578 7971 7908 7835 7390 7119 7078 7066 7002 7129 7118 7176 7513 7998 8015 8127 8768 8782 8642 7591 7537 7150 7207 7591 7750 13402 13200 12831 12763 12755 12827 13180 13386 13492 13582 13508 13433 12944 13042 13048 12990 12886 12990 13078 13040 13325 13430 13595 13577 13586 13545 13519 13107 13094 13082 13116 13132 13135 13655 13611 13671 
3119 1995 742 816 2091 3218 4605 5749 6286 5132 3740 2589 1212 276 1397 2539 6250 6071 5100 4823 4906 3700 3523 2550 2356 2273 1150 981 0 194 277 1400 1587 2550 2827 2744 1910 680 3206 5753 7720 7266 6299 6041 5724 5762 6233 6550 6642 6720 6493 5879 5978 5950 6166 6271 6453 7380 7477 7804 7778 7691 7600 7550 6462 6437 6387 6358 6001 6060 6070 6071 6579 6775 6709 6804 7303 6899 6645 6654 6927 7346 8051 8755 9310 8575 7819 7341 6973 6875 7008 7324 7696 7641 7591 7285 7164 7134 7150 7241 7511 7511 7591 8050 8632 8656 8782 9496 9493 9331 8104 8016 7364 7378 7469 7591 13877 13632 13140 13020 12874 12893 13108 13264 13374 13467 13424 13355 13012 13113 13150 13100 13144 13249 13367 13336 13756 13861 14050 14039 14028 13978 13948 13382 13358 13340 13204 13209 13206 13547 13514 13559 
2925 1803 605 963 2276 3406 4795 5940 6479 5325 3932 2780 1398 337 1204 2345 6444 6266 5294 5017 5100 3894 3717 2744 2550 2467 1344 1176 194 0 87 1206 1396 2356 2633 2550 1719 871 3400 5947 7865 7401 6399 6123 5748 5762 6176 6474 6568 6648 6434 5880 5980 5969 6247 6351 6547 7514 7610 7944 7916 7827 7733 7682 6553 6523 6469 6438 6018 6070 6075 6073 6518 6706 6644 6733 7240 6864 6651 6693 7003 7448 8177 8897 9455 8706 7929 7428 7026 6896 6990 7276 7644 7591 7545 7268 7177 7150 7170 7292 7589 7591 7675 8157 8756 8782 8911 9638 9632 9466 8206 8112 7409 7416 7448 7562 13967 13714 13197 13068 12894 12903 13091 13236 13347 13441 13404 13336 13023 13124 13168 13118 13192 13297 13421 13391 13838 13942 14137 14127 14112 14060 14029 13433 13407 13388 13218 13221 13217 13523 13492 13533 
2848 1732 588 1048 2363 3493 4881 6025 6563 5409 4017 2866 1484 414 1129 2265 6527 6348 5377 5100 5183 3977 3799 2827 2633 2550 1427 1254 277 87 0 1123 1310 2273 2550 2467 1634 946 3482 6030 7902 7433 6412 6127 5726 5729 6120 6412 6507 6587 6379 5848 5949 5945 6250 6355 6557 7546 7641 7979 7950 7859 7763 7712 6561 6529 6473 6441 5992 6041 6045 6042 6462 6647 6585 6673 7183 6818 6620 6677 7005 7462 8204 8932 9492 8736 7947 7434 7016 6872 6950 7224 7591 7538 7494 7228 7150 7123 7146 7282 7591 7594 7680 8173 8782 8809 8939 9674 9666 9498 8220 8122 7396 7399 7406 7518 13974 13717 13189 13055 12869 12873 13050 13191 13303 13397 13362 13295 12993 13095 13141 13092 13179 13284 13410 13382 13841 13945 14142 14133 14116 14063 14032 13421 13394 13375 13191 13192 13188 13479 13449 13489 
1755 742 1020 2091 3465 4605 5998 7144 7684 6530 5137 3984 2594 1451 278 1158 7650 7471 6500 6223 6306 5100 4922 3950 3756 3673 2550 2374 1400 1206 1123 0 234 1150 1427 1344 538 2059 4604 7152 8722 8203 7000 6621 5912 5779 5822 5997 6104 6195 6069 5903 6008 6101 6741 6842 7114 8309 8399 8775 8736 8626 8520 8463 7102 7040 6964 6922 6128 6140 6116 6100 6139 6270 6233 6285 6833 6645 6682 6927 7457 8051 8921 9729 10306 9478 8576 7941 7341 7021 6873 6966 7299 7257 7241 7150 7246 7233 7285 7591 8046 8060 8168 8782 9485 9520 9662 10471 10444 10254 8803 8670 7675 7630 7302 7366 14458 14153 13490 13299 12958 12901 12918 13000 13116 13213 13214 13154 13023 13127 13209 13169 13424 13529 13688 13668 14276 14379 14602 14601 14562 14499 14463 13682 13643 13618 13241 13230 13219 13302 13284 13306 
1640 758 1252 2306 3667 4802 6191 7336 7871 6718 5327 4176 2792 1660 475 1036 7831 7650 6681 6404 6488 5282 5100 4132 3939 3855 2734 2550 1587 1396 1310 234 0 981 1254 1176 323 2230 4780 7330 8762 8230 6985 6586 5816 5658 5644 5802 5910 6002 5889 5782 5887 5998 6704 6805 7091 8334 8423 8808 8767 8653 8544 8485 7075 7007 6927 6883 6022 6026 5998 5979 5956 6080 6045 6093 6645 6484 6560 6840 7410 8033 8933 9761 10343 9496 8567 7905 7267 6913 6726 6791 7119 7078 7066 7002 7129 7118 7176 7513 7998 8015 8127 8768 9493 9529 9675 10502 10471 10274 8782 8642 7591 7537 7150 7207 14408 14093 13402 13200 12831 12763 12755 12827 12944 13042 13048 12990 12886 12990 13078 13040 13325 13430 13595 13577 14215 14319 14547 14548 14504 14439 14401 13586 13545 13519 13107 13094 13082 13132 13116 13135 
742 816 2091 3218 4605 5749 7144 8291 8834 7679 6286 5132 3740 2589 1212 276 8800 8621 7650 7373 7456 6250 6071 5100 4906 4823 3700 3523 2550 2356 2273 1150 981 0 277 194 680 3206 5753 8302 9619 9061 7720 7266 6299 6041 5724 5762 5879 5978 5950 6166 6271 6453 7380 7477 7804 9161 9247 9652 9604 9481 9366 9305 7778 7691 7600 7550 6462 6437 6387 6358 6001 6070 6060 6071 6645 6654 6927 7346 8051 8755 9729 10600 11189 10303 9310 8575 7819 7341 6973 6875 7164 7134 7150 7241 7511 7511 7591 8050 8632 8656 8782 9496 10276 10317 10471 11338 11295 11086 9493 9331 8104 8016 7364 7378 15016 14668 13877 13632 13140 13020 12874 12893 13012 13113 13150 13100 13144 13249 13367 13336 13756 13861 14050 14039 14788 14890 15138 15144 15084 15012 14971 14028 13978 13948 13382 13358 13340 13209 13204 13206 
588 1048 2363 3493 4881 6025 7421 8568 9111 7957 6563 5409 4017 2866 1484 414 9077 8898 7927 7650 7733 6527 6348 5377 5183 5100 3977 3799 2827 2633 2550 1427 1254 277 0 87 946 3482 6030 8579 9838 9272 7902 7433 6412 6127 5726 5729 5848 5949 5945 6250 6355 6557 7546 7641 7979 9371 9455 9866 9817 9690 9573 9511 7950 7859 7763 7712 6561 6529 6473 6441 5992 6045 6041 6042 6620 6677 7005 7462 8204 8932 9927 10812 11404 10506 9492 8736 7947 7434 7016 6872 7150 7123 7146 7282 7591 7594 7680 8173 8782 8809 8939 9674 10471 10513 10669 11549 11502 11289 9666 9498 8220 8122 7396 7399 15153 14794 13974 13717 13189 13055 12869 12873 12993 13095 13141 13092 13179 13284 13410 13382 13841 13945 14142 14133 14914 15016 15269 15278 15212 15138 15096 14116 14063 14032 13421 13394 13375 13192 13191 13188 
605 963 2276 3406 4795 5940 7336 8484 9027 7873 6479 5325 3932 2780 1398 337 8994 8815 7844 7567 7650 6444 6266 5294 5100 5017 3894 3717 2744 2550 2467 1344 1176 194 87 0 871 3400 5947 8496 9786 9224 7865 7401 6399 6123 5748 5762 5880 5980 5969 6247 6351 6547 7514 7610 7944 9323 9408 9816 9768 9642 9526 9464 7916 7827 7733 7682 6553 6523 6469 6438 6018 6075 6070 6073 6651 6693 7003 7448 8177 8897 9884 10763 11354 10461 9455 8706 7929 7428 7026 6896 7177 7150 7170 7292 7589 7591 7675 8157 8756 8782 8911 9638 10429 10471 10625 11500 11455 11244 9632 9466 8206 8112 7409 7416 15133 14777 13967 13714 13197 13068 12894 12903 13023 13124 13168 13118 13192 13297 13421 13391 13838 13942 14137 14127 14897 14999 15251 15258 15194 15121 15079 14112 14060 14029 13433 13407 13388 13221 13218 13217 
1380 725 1554 2627 3991 5126 6515 7659 8193 7041 5650 4500 3116 1982 713 785 8152 7970 7002 6725 6809 5603 5420 4454 4261 4177 3056 2870 1910 1719 1634 538 323 680 946 871 0 2550 5100 7650 8980 8435 7144 6720 5868 5672 5553 5673 5785 5879 5792 5797 5902 6040 6837 6936 7240 8537 8625 9020 8975 8856 8744 8685 7220 7143 7058 7011 6058 6051 6015 5992 5854 5961 5934 5971 6531 6425 6570 6903 7529 8187 9121 9971 10556 9690 8730 8036 7349 6947 6694 6704 7020 6983 6980 6967 7145 7138 7205 7589 8114 8134 8252 8925 9676 9714 9864 10710 10673 10471 8932 8782 7658 7591 7107 7150 14517 14189 13459 13241 12827 12741 12686 12742 12859 12958 12974 12918 12865 12969 13067 13031 13366 13471 13645 13629 14310 14413 14650 14653 14602 14534 14495 13631 13586 13559 13092 13075 13061 13050 13038 13051 
3794 2675 1380 725 1554 2627 3991 5126 5650 4500 3116 1982 713 785 2075 3210 5603 5420 4454 4177 4261 3056 2870 1910 1719 1634 538 323 680 871 946 2059 2230 3206 3482 3400 2550 0 2550 5100 7144 6720 5868 5672 5553 5673 6343 6724 6807 6877 6604 5785 5879 5792 5797 5902 6040 6837 6936 7240 7220 7143 7058 7011 6058 6051 6015 5992 5854 5934 5961 5971 6697 6921 6842 6957 7426 6921 6531 6425 6570 6903 7529 8187 8730 8036 7349 6947 6694 6704 6972 7391 7779 7718 7651 7246 7020 6983 6980 6967 7145 7138 7205 7589 8114 8134 8252 8925 8932 8782 7658 7591 7107 7150 7441 7591 13459 13241 12827 12741 12686 12742 13052 13243 13350 13441 13376 13303 12859 12958 12974 12918 12865 12969 13067 13031 13366 13471 13645 13629 13631 13586 13559 13092 13075 13061 13038 13050 13051 13516 13475 13531 
6316 5176 3794 2675 1380 725 1554 2627 3116 1982 713 785 2075 3210 4594 5744 3056 2870 1910 1634 1719 538 323 680 871 946 2059 2230 3206 3400 3482 4604 4780 5753 6030 5947 5100 2550 0 2550 5868 5672 5553 5673 6343 6724 7915 8440 8497 8546 8167 6807 6877 6604 5785 5879 5792 5797 5902 6040 6058 6051 6015 5992 5854 5934 5961 5971 6697 6842 6921 6957 8273 8560 8451 8611 8980 8218 7426 6921 6531 6425 6570 6903 7349 6947 6694 6704 6972 7391 8087 8793 9206 9131 9020 8334 7779 7718 7651 7246 7020 6983 6980 6967 7145 7138 7205 7589 7658 7591 7107 7150 7441 7591 8559 8782 12827 12741 12686 12742 13052 13243 13884 14191 14286 14366 14230 14143 13350 13441 13376 13303 12859 12958 12974 12918 12865 12969 13067 13031 13092 13075 13061 13038 13050 13051 13475 13516 13531 14424 14360 14451 
8854 7709 6316 5176 3794 2675 1380 725 713 785 2075 3210 4594 5744 7135 8288 538 323 680 946 871 2059 2230 3206 3400 3482 4604 4780 5753 5947 6030 7152 7330 8302 8579 8496 7650 5100 2550 0 5553 5673 6343 6724 7915 8440 9902 10500 10539 10572 10138 8497 8546 8167 6807 6877 6604 5785 5879 5792 5854 5934 5961 5971 6697 6842 6921 6957 8273 8451 8560 8611 10249 10567 10442 10626 10916 10009 8980 8218 7426 6921 6531 6425 6694 6704 6972 7391 8087 8793 9758 10631 11045 10963 10825 9971 9206 9131 9020 8334 7779 7718 7651 7246 7020 6983 6980 6967 7107 7150 7441 7591 8559 8782 10204 10471 12686 12742 13052 13243 13884 14191 15105 15506 15588 15657 15463 15366 14286 14366 14230 14143 13350 13441 13376 13303 12859 12958 12974 12918 13038 13050 13051 13475 13516 13531 14360 14424 14451 15698 15614 15735 
10354 9462 8462 7733 7000 6563 6278 6272 6100 5999 6173 6540 7212 7910 8884 9765 5822 5644 5724 5726 5748 5912 5816 6299 6399 6412 7000 6985 7720 7865 7902 8722 8762 9619 9838 9786 8980 7144 5868 5553 0 709 2550 3259 5100 5809 7650 8359 8329 8306 7784 5780 5757 5235 3231 3211 2690 690 691 261 359 540 666 729 2794 2998 3147 3221 5338 5540 5690 5764 7885 8237 8087 8312 8305 7162 5776 4644 3282 2199 1085 1052 1589 1152 1850 2848 4162 5282 6651 7791 8135 8049 7861 6733 5643 5556 5373 4275 3242 3156 2992 2055 1478 1434 1428 1782 1809 1722 2289 2562 4496 4813 6942 7265 7150 7189 7591 7861 8782 9215 10471 11002 11058 11106 10828 10721 9290 9355 9141 9042 7959 8042 7929 7848 7306 7405 7429 7377 7488 7498 7498 8048 8105 8128 9299 9389 9430 11119 11008 11170 
9800 8945 8004 7341 6714 6386 6253 6377 6271 6038 6050 6295 6848 7470 8377 9219 5997 5802 5762 5729 5762 5779 5658 6041 6123 6127 6621 6586 7266 7401 7433 8203 8230 9061 9272 9224 8435 6720 5672 5673 709 0 1841 2550 4391 5100 6941 7650 7620 7597 7075 5071 5048 4527 2522 2503 1984 124 229 619 549 425 346 320 2089 2294 2443 2516 4629 4832 4982 5056 7177 7528 7379 7603 7600 6459 5076 3950 2606 1576 902 1540 2140 1319 1364 2216 3485 4592 5953 7090 7437 7351 7164 6041 4959 4872 4692 3613 2623 2539 2390 1618 1473 1469 1554 2276 2241 2064 1837 2061 3838 4151 6252 6575 7181 7150 7379 7591 8387 8782 9962 10471 10532 10584 10321 10215 8864 8933 8743 8648 7695 7783 7705 7631 7271 7373 7437 7394 7477 7473 7466 7809 7854 7872 8892 8975 9011 10602 10496 10651 
8462 7733 7000 6563 6278 6272 6544 6973 7023 6496 6100 5999 6173 6540 7212 7910 6772 6549 6233 6120 6176 5822 5644 5724 5748 5726 5912 5816 6299 6399 6412 7000 6985 7720 7902 7865 7144 5868 5553 6343 2550 1841 0 709 2550 3259 5100 5809 5780 5757 5235 3231 3211 2690 690 691 261 1875 1910 2429 2335 2143 1995 1920 359 540 666 729 2794 2998 3147 3221 5338 5690 5540 5764 5776 4644 3282 2199 1085 1052 2142 3222 3825 2746 1589 1152 1850 2848 4162 5282 5643 5556 5373 4275 3242 3156 2992 2055 1478 1434 1428 1782 2619 2675 2851 3889 3782 3517 1809 1722 2289 2562 4496 4813 7591 7387 7150 7189 7591 7861 8782 9215 9290 9355 9141 9042 7959 8042 7929 7848 7306 7405 7429 7377 7511 7617 7779 7762 7770 7730 7706 7488 7498 7498 8048 8105 8128 9389 9299 9430 
8004 7341 6714 6386 6253 6377 6792 7318 7419 6804 6271 6038 6050 6295 6848 7470 7179 6951 6550 6412 6474 5997 5802 5762 5762 5729 5779 5658 6041 6123 6127 6621 6586 7266 7433 7401 6720 5672 5673 6724 3259 2550 709 0 1841 2550 4391 5100 5071 5048 4527 2522 2503 1984 124 229 619 2582 2615 3135 3040 2846 2697 2622 549 425 346 320 2089 2294 2443 2516 4629 4982 4832 5056 5076 3950 2606 1576 902 1540 2800 3907 4505 3402 2140 1319 1364 2216 3485 4592 4959 4872 4692 3613 2623 2539 2390 1618 1473 1469 1554 2276 3234 3297 3481 4555 4435 4157 2241 2064 1837 2061 3838 4151 7854 7591 7181 7150 7379 7591 8387 8782 8864 8933 8743 8648 7695 7783 7705 7631 7271 7373 7437 7394 7715 7819 8015 8008 7989 7937 7906 7477 7473 7466 7809 7854 7872 8975 8892 9011 
7000 6563 6278 6272 6544 6973 7697 8420 8627 7837 7023 6496 6100 5999 6173 6540 8415 8181 7612 7426 7500 6772 6549 6233 6176 6120 5822 5644 5724 5748 5726 5912 5816 6299 6412 6399 5868 5553 6343 7915 5100 4391 2550 1841 0 709 2550 3259 3231 3211 2690 690 691 261 1875 1910 2429 4422 4452 4974 4876 4680 4530 4455 2335 2143 1995 1920 359 540 666 729 2794 3147 2998 3221 3282 2199 1085 1052 2142 3222 4583 5715 6304 5173 3825 2746 1589 1152 1850 2848 3242 3156 2992 2055 1478 1434 1428 1782 2619 2675 2851 3889 4954 5026 5217 6331 6192 5897 3782 3517 1809 1722 2289 2562 8782 8394 7591 7387 7150 7189 7591 7861 7959 8042 7929 7848 7306 7405 7429 7377 7511 7617 7779 7762 8512 8613 8879 8893 8814 8735 8691 7770 7730 7706 7488 7498 7498 8105 8048 8128 
6714 6386 6253 6377 6792 7318 8134 8914 9153 8314 7419 6804 6271 6038 6050 6295 8950 8716 8100 7900 7977 7179 6951 6550 6474 6412 5997 5802 5762 5762 5729 5779 5658 6041 6127 6123 5672 5673 6724 8440 5809 5100 3259 2550 709 0 1841 2550 2522 2503 1984 124 229 619 2582 2615 3135 5131 5160 5682 5584 5387 5237 5162 3040 2846 2697 2622 549 425 346 320 2089 2443 2294 2516 2606 1576 902 1540 2800 3907 5279 6416 7002 5866 4505 3402 2140 1319 1364 2216 2623 2539 2390 1618 1473 1469 1554 2276 3234 3297 3481 4555 5635 5709 5901 7023 6879 6581 4435 4157 2241 2064 1837 2061 9209 8782 7854 7591 7181 7150 7379 7591 7695 7783 7705 7631 7271 7373 7437 7394 7715 7819 8015 8008 8898 8996 9284 9305 9206 9119 9071 7989 7937 7906 7477 7473 7466 7854 7809 7872 
6278 6272 6544 6973 7697 8420 9416 10304 10609 9677 8627 7837 7023 6496 6100 5999 10430 10197 9489 9264 9346 8415 8181 7612 7500 7426 6772 6549 6233 6176 6120 5822 5644 5724 5726 5748 5553 6343 7915 9902 7650 6941 5100 4391 2550 1841 0 709 690 691 261 1875 1910 2429 4422 4452 4974 6972 7000 7522 7424 7226 7076 7001 4876 4680 4530 4455 2335 2143 1995 1920 359 666 540 729 1085 1052 2142 3222 4583 5715 7101 8243 8824 7680 6304 5173 3825 2746 1589 1152 1478 1434 1428 1782 2619 2675 2851 3889 4954 5026 5217 6331 7431 7508 7702 8834 8683 8378 6192 5897 3782 3517 1809 1722 10471 9967 8782 8394 7591 7387 7150 7189 7306 7405 7429 7377 7511 7617 7779 7762 8512 8613 8879 8893 10075 10167 10497 10532 10392 10288 10233 8814 8735 8691 7770 7730 7706 7498 7488 7498 
6253 6377 6792 7318 8134 8914 9960 10879 11203 10245 9153 8314 7419 6804 6271 6038 11031 10799 10066 9834 9918 8950 8716 8100 7977 7900 7179 6951 6550 6474 6412 5997 5802 5762 5729 5762 5673 6724 8440 10500 8359 7650 5809 5100 3259 2550 709 0 124 229 619 2582 2615 3135 5131 5160 5682 7680 7709 8230 8132 7934 7784 7709 5584 5387 5237 5162 3040 2846 2697 2622 549 346 425 320 902 1540 2800 3907 5279 6416 7804 8948 9527 8381 7002 5866 4505 3402 2140 1319 1473 1469 1554 2276 3234 3297 3481 4555 5635 5709 5901 7023 8127 8205 8399 9534 9380 9074 6879 6581 4435 4157 2241 2064 10997 10471 9209 8782 7854 7591 7181 7150 7271 7373 7437 7394 7715 7819 8015 8008 8898 8996 9284 9305 10575 10665 11006 11047 10894 10785 10727 9206 9119 9071 7989 7937 7906 7473 7477 7466 
6374 6490 6892 7406 8209 8978 10013 10925 11243 10293 9210 8381 7500 6897 6378 6155 11069 10837 10111 9881 9964 9005 8771 8165 8044 7968 7258 7031 6642 6568 6507 6104 5910 5879 5848 5880 5785 6807 8497 10539 8329 7620 5780 5071 3231 2522 690 124 0 105 557 2550 2578 3099 5100 5127 5648 7650 7676 8198 8099 7900 7750 7675 5550 5351 5201 5126 3001 2805 2655 2580 472 223 319 196 779 1448 2735 3851 5230 6370 7761 8906 9483 8336 6953 5814 4447 3334 2051 1200 1348 1345 1431 2179 3155 3220 3406 4490 5577 5651 5844 6970 8077 8155 8349 9487 9331 9023 6824 6523 4366 4083 2136 1952 10896 10366 9096 8666 7731 7467 7057 7029 7150 7252 7314 7271 7591 7695 7892 7885 8782 8880 9169 9191 10471 10559 10903 10944 10789 10680 10621 9090 9003 8955 7865 7813 7782 7351 7355 7345 
6476 6585 6977 7481 8272 9032 10058 10963 11277 10333 9259 8439 7569 6976 6469 6254 11101 10869 10149 9921 10003 9052 8818 8221 8101 8025 7325 7099 6720 6648 6587 6195 6002 5978 5949 5980 5879 6877 8546 10572 8306 7597 5757 5048 3211 2503 691 229 105 0 522 2526 2550 3072 5075 5100 5622 7624 7650 8172 8072 7872 7722 7647 5522 5322 5172 5097 2972 2773 2623 2548 424 122 243 93 675 1373 2683 3807 5190 6332 7726 8872 9447 8298 6913 5771 4399 3279 1979 1100 1243 1240 1328 2098 3090 3157 3344 4437 5528 5603 5797 6926 8036 8114 8308 9448 9290 8981 6777 6474 4308 4023 2048 1857 10810 10278 9001 8568 7628 7362 6953 6927 7048 7150 7211 7168 7486 7591 7788 7781 8684 8782 9072 9094 10382 10471 10815 10857 10701 10591 10532 8992 8904 8856 7760 7708 7677 7249 7252 7243 
