0 1118 3621 3891 5205 4884 4650 4975 6247 6408 8009 7803 8500 8664 9414 9521 9030 9408 6180 5561 3832 3050 1931 4750 4366 6791 7403 8290 7409 6647 6524 8487 8984 10286 9587 9737 9637 11029 11415 11536 12092 9793 9080 8508 7800 6587 9500 9055 11147 11814 12470 11448 10576 10271 12254 12865 13877 12964 12747 12482 14134 14666 15157 15781 14097 13383 13237 12550 11321 16269 17936 18830 18985 10467 3605 3716 
1118 0 2926 3360 4555 4049 3684 3950 5392 5640 7204 6893 7516 7650 8501 8660 8297 8727 5765 5091 4200 3688 2860 5344 4750 6806 7463 8193 7224 6394 6177 8175 8730 9915 9127 9154 9004 10490 10928 11186 11773 9782 9067 8950 8360 7252 10049 9500 11367 12051 12595 11537 10645 10288 12236 12874 13778 12815 12500 12197 13890 14455 15051 15691 14258 13550 13700 13088 11921 16886 17993 18784 18923 9360 3640 3828 
3621 2926 0 700 1629 1367 1627 2193 2700 2789 4398 4307 5168 5440 5900 5941 5413 5813 3001 2289 3572 3962 4208 5022 3990 4750 5450 5817 4739 3842 3488 5463 6082 7109 6255 6230 6079 7574 8031 8390 9003 7501 6806 7747 7536 6850 9080 8271 9500 10200 10495 9390 8485 8041 9876 10551 11264 10239 9801 9457 11183 11783 12514 13170 12192 11512 12345 11958 11011 15890 15686 16304 16419 7864 6470 6689 
3891 3360 700 0 1368 1628 2163 2745 2789 2700 4308 4396 5361 5685 5941 5900 5202 5536 2420 1732 3100 3669 4150 4539 3464 4050 4750 5139 4073 3184 2872 4867 5463 6566 5767 5848 5748 7156 7574 7842 8441 6817 6118 7086 6921 6307 8437 7605 8800 9500 9801 8698 7792 7354 9204 9876 10620 9608 9208 8881 10594 11183 11877 12529 11498 10816 11660 11290 10366 15227 15014 15658 15778 8285 6975 7179 
5205 4555 1629 1368 0 1115 2013 2512 1624 1362 2950 3153 4207 4592 4636 4551 3841 4202 1698 1053 4162 4914 5506 5530 4414 4073 4739 4750 3635 2746 2246 4071 4737 5593 4680 4602 4452 5952 6426 6871 7503 6443 5794 7480 7524 7135 8899 7959 8697 9389 9500 8385 7493 6993 8696 9389 9949 8887 8354 7980 9720 10344 11171 11834 11192 10543 11820 11584 10799 15528 14484 14980 15079 7431 8079 8305 
4884 4049 1367 1628 1115 0 905 1400 1363 1624 3155 2950 3804 4092 4552 4637 4281 4763 2810 2162 4725 5264 5576 6159 5071 5138 5816 5865 4750 3859 3360 5137 5815 6567 5590 5343 5106 6727 7258 7834 8480 7558 6908 8459 8412 7891 9855 8954 9800 10494 10615 9500 8608 8108 9800 10493 11019 9946 9367 8973 10719 11357 12229 12894 12307 11657 12880 12607 11771 16553 15578 16041 16133 6664 7379 7625 
4650 3684 1627 2163 2013 905 0 583 1860 2343 3697 3227 3850 4031 4827 5032 4911 5448 3712 3050 5197 5561 5644 6647 5602 5971 6659 6759 5645 4750 4260 6039 6719 7438 6438 6114 5836 7504 8061 8698 9348 8455 7800 9204 9080 8457 10576 9711 10667 11363 11509 10394 9500 9004 10705 11399 11920 10845 10250 9848 11595 12238 13127 13792 13203 12550 13695 13383 12502 17328 16484 16939 17029 6254 6766 7027 
4975 3950 2193 2745 2512 1400 583 0 2000 2594 3762 3128 3585 3700 4681 4964 5020 5597 4200 3562 5765 6091 6100 7215 6177 6524 7207 7259 6144 5258 4750 6462 7151 7782 6750 6337 6021 7725 8310 9027 9684 8950 8305 9782 9663 9034 11158 10288 11200 11894 12008 10894 10004 9500 11164 11860 12332 11246 10611 10195 11940 12593 13524 14190 13700 13053 14258 13957 13082 17902 16924 17335 17418 5736 6799 7071 
6247 5392 2700 2789 1624 1363 1860 2000 0 700 1843 1615 2594 2968 3200 3275 3053 3606 2863 2460 5769 6451 6885 7151 6036 5463 6082 5816 4738 3946 3370 4750 5450 5882 4816 4341 4021 5727 6320 7100 7763 7447 6865 8974 9094 8753 10410 9430 9876 10551 10494 9390 8532 7990 9500 10200 10532 9429 8722 8286 10024 10690 11688 12355 12159 11547 13150 12997 12286 16927 15179 15489 15558 5857 8618 8875 
6408 5640 2789 2700 1362 1624 2343 2594 700 0 1616 1841 2960 3397 3275 3200 2661 3140 2247 1952 5489 6275 6850 6820 5703 4867 5463 5137 4072 3309 2728 4050 4750 5212 4162 3771 3500 5161 5727 6443 7104 6757 6184 8411 8592 8335 9854 8852 9204 9876 9801 8698 7844 7299 8800 9500 9841 8740 8050 7621 9363 10024 11003 11670 11462 10854 12509 12384 11712 16305 14483 14807 14880 6411 9003 9250 
8009 7204 4398 4308 2950 3155 3697 3762 1843 1616 0 1118 2144 2665 1838 1610 1280 1913 3273 3272 6961 7822 8455 8222 7114 5767 6255 5589 4680 4139 3588 4161 4814 4750 3632 2840 2412 4158 4812 5837 6502 7023 6569 9331 9676 9595 10780 9719 9607 10238 9945 8887 8107 7531 8738 9427 9500 8382 7527 7047 8737 9426 10566 11225 11535 10987 13069 13084 12560 16940 14190 14309 14351 5820 10460 10718 
7803 6893 4307 4396 3153 2950 3227 3128 1615 1841 1118 0 1164 1656 1611 1837 2283 2948 3966 3778 7312 8046 8500 8658 7540 6564 7107 6565 5592 4950 4373 5210 5880 5868 4750 3929 3475 5209 5879 6948 7611 8060 7572 10134 10383 10171 11584 10551 10618 11262 11017 9948 9149 8578 9839 10530 10618 9500 8640 8157 9838 10529 11681 12340 12622 12063 14038 14000 13407 17886 15308 15419 15457 4799 9927 10199 
8500 7516 5168 5361 4207 3804 3850 3585 2594 2960 2144 1164 0 522 1390 1990 3050 3703 5127 4911 8363 9030 9374 9737 8620 7728 8270 7703 6746 6114 5537 6304 6958 6801 5691 4750 4252 5911 6604 7800 8451 9165 8698 11298 11536 11293 12747 11715 11741 12377 12087 11031 10250 9674 10857 11541 11534 10418 9500 9001 10634 11331 12550 13200 13669 13127 15181 15157 14571 19037 16219 16237 16260 3676 10278 10562 
8664 7650 5440 5685 4592 4092 4031 3700 2968 3397 2665 1656 522 0 1746 2404 3553 4200 5597 5348 8727 9350 9628 10118 9004 8207 8760 8214 7248 6600 6021 6824 7480 7315 6207 5252 4750 6388 7084 8301 8950 9684 9213 11773 11988 11710 13222 12197 12257 12894 12609 11552 10770 10195 11378 12061 12043 10928 10001 9500 11122 11820 13050 13700 14190 13649 15691 15656 15055 19542 16726 16726 16746 3157 10268 10556 
9414 8501 5900 5941 4636 4552 4827 4681 3200 3275 1838 1611 1390 1746 0 700 2127 2692 5110 5088 8745 9551 10074 10037 8924 7574 8031 7258 6428 5950 5411 5727 6320 5880 4814 3747 3226 4750 5450 6753 7383 8566 8184 11124 11502 11432 12569 11494 11183 11783 11357 10346 9625 9042 10024 10690 10531 9428 8442 7930 9500 10200 11481 12120 12875 12377 14701 14782 14319 18593 15189 15102 15110 4533 11469 11746 
9521 8660 5941 5900 4551 4637 5032 4964 3275 3200 1610 1837 1990 2404 700 0 1511 2024 4792 4863 8563 9433 10050 9804 8702 7156 7574 6727 5954 5549 5036 5161 5727 5210 4161 3070 2548 4050 4750 6059 6686 7973 7621 10674 11109 11115 12112 11025 10594 11183 10720 9722 9021 8438 9363 10024 9840 8739 7746 7233 8800 9500 10783 11421 12219 11732 14130 14247 13829 18030 14494 14402 14410 5229 11761 12031 
9030 8297 5413 5202 3841 4281 4911 5020 3053 2661 1280 2283 3050 3553 2127 1511 0 667 3609 3850 7528 8500 9284 8668 7595 5774 6144 5236 4516 4208 3747 3655 4215 3784 2697 1700 1209 2926 3601 4750 5402 6462 6114 9241 9737 9843 10670 9573 9083 9672 9230 8221 7511 6928 7907 8578 8492 7380 6450 5951 7597 8293 9500 10151 10752 10250 12620 12747 12357 16520 13174 13195 13224 6600 11648 11899 
9408 8727 5813 5536 4202 4763 5448 5597 3606 3140 1913 2948 3703 4200 2692 2024 667 0 3700 4052 7650 8674 9541 8713 7669 5626 5929 4914 4310 4135 3740 3297 3791 3188 2139 1060 550 2261 2934 4102 4750 6021 5728 9004 9572 9774 10414 9306 8640 9208 8704 7720 7045 6463 7338 8000 7861 6751 5801 5300 6935 7632 8851 9500 10195 9711 12197 12375 12049 16101 12536 12536 12562 7209 12142 12386 
6180 5765 3001 2420 1698 2810 3712 4200 2863 2247 3273 3966 5127 5597 5110 4792 3609 3700 0 715 3950 4992 5960 5060 3988 2621 3220 3061 1948 1092 550 2462 3092 4149 3409 3702 3740 4897 5242 5423 6021 4750 4110 6177 6427 6328 7625 6610 7061 7746 7809 6694 5807 5300 7003 7694 8297 7254 6800 6463 8183 8781 9535 10195 9500 8855 10288 10140 9470 14066 12798 13336 13444 8655 9393 9592 
5561 5091 2289 1732 1053 2162 3050 3562 2460 1952 3272 3778 4911 5348 5088 4863 3850 4052 715 0 3707 4650 5494 4951 3842 3046 3700 3711 2597 1700 1236 3176 3807 4836 4042 4208 4176 5470 5860 6114 6720 5408 4750 6517 6647 6393 7951 6980 7644 8336 8459 7344 6450 5957 7697 8385 9011 7970 7511 7169 8893 9494 10250 10909 10154 9500 10786 10576 9832 14517 13499 14050 14159 8316 8707 8912 
3832 4200 3572 3100 4162 4725 5197 5765 5769 5489 6961 7312 8363 8727 8745 8563 7528 7650 3950 3707 0 1192 2549 1450 550 3259 3758 4879 4269 3798 3988 5580 5886 7413 7025 7573 7669 8622 8822 8547 9004 6177 5489 4750 4220 3318 5885 5300 7322 7985 8684 7697 6852 6610 8610 9180 10324 9506 9481 9306 10832 11290 11600 12197 10288 9573 9500 8906 7787 12747 14182 15172 15344 11385 7433 7527 
3050 3688 3962 3669 4914 5264 5561 6091 6451 6275 7822 8046 9030 9350 9551 9433 8500 8674 4992 4650 1192 0 1432 1700 1562 4443 4914 6067 5457 4951 5093 6757 7076 8594 8173 8668 8732 9760 9983 9737 10197 7325 6647 5491 4750 3569 6450 6033 8300 8942 9726 8773 7951 7739 9737 10290 11475 10677 10670 10498 12017 12469 12747 13335 11292 10576 10199 9500 8279 13235 15238 16281 16460 11815 6560 6622 
1931 2860 4208 4150 5506 5576 5644 6100 6885 6850 8455 8500 9374 9628 10074 10050 9284 9541 5960 5494 2549 1432 0 3031 2982 5798 6307 7407 6711 6109 6158 7957 8335 9800 9284 9661 9665 10835 11115 10983 11473 8726 8038 6863 6040 4750 7731 7397 9729 10366 11159 10203 9376 9152 11151 11712 12873 12052 11997 11800 13358 13829 14149 14743 12723 12007 11526 10772 9500 14422 16670 17704 17880 11806 5223 5261 
4750 5344 5022 4539 5530 6159 6647 7215 7151 6820 8222 8658 9737 10118 10037 9804 8668 8713 5060 4951 1450 1700 3031 0 1118 3621 3891 5205 4884 4650 4975 6247 6408 8009 7803 8500 8664 9414 9521 9030 9408 6180 5561 3832 3050 1931 4750 4366 6791 7403 8290 7409 6647 6524 8487 8984 10286 9587 9737 9637 11029 11415 11536 12092 9793 9080 8508 7800 6587 11547 13798 14941 15136 12823 8237 8286 
4366 4750 3990 3464 4414 5071 5602 6177 6036 5703 7114 7540 8620 9004 8924 8702 7595 7669 3988 3842 550 1562 2982 1118 0 2926 3360 4555 4049 3684 3950 5392 5640 7204 6893 7516 7650 8501 8660 8297 8727 5765 5091 4200 3688 2860 5344 4750 6806 7463 8193 7224 6394 6177 8175 8730 9915 9127 9154 9004 10490 10928 11186 11773 9782 9067 8950 8360 7252 12208 13700 14722 14900 11735 7960 8048 
6791 6806 4750 4050 4073 5138 5971 6524 5463 4867 5767 6564 7728 8207 7574 7156 5774 5626 2621 3046 3259 4443 5798 3621 2926 0 700 1629 1367 1627 2193 2700 2789 4398 4307 5168 5440 5900 5941 5413 5813 3001 2289 3572 3962 4208 5022 3990 4750 5450 5817 4739 3842 3488 5463 6082 7109 6255 6230 6079 7574 8031 8390 9003 7501 6806 7747 7536 6850 11472 11188 12039 12195 11276 10353 10491 
7403 7463 5450 4750 4739 5816 6659 7207 6082 5463 6255 7107 8270 8760 8031 7574 6144 5929 3220 3700 3758 4914 6307 3891 3360 700 0 1368 1628 2163 2745 2789 2700 4308 4396 5361 5685 5941 5900 5202 5536 2420 1732 3100 3669 4150 4539 3464 4050 4750 5139 4073 3184 2872 4867 5463 6566 5767 5848 5748 7156 7574 7842 8441 6817 6118 7086 6921 6307 10845 10544 11443 11607 11857 10982 11113 
8290 8193 5817 5139 4750 5865 6759 7259 5816 5137 5589 6565 7703 8214 7258 6727 5236 4914 3061 3711 4879 6067 7407 5205 4555 1629 1368 0 1115 2013 2512 1624 1362 2950 3153 4207 4592 4636 4551 3841 4202 1698 1053 4162 4914 5506 5530 4414 4073 4739 4750 3635 2746 2246 4071 4737 5593 4680 4602 4452 5952 6426 6871 7503 6443 5794 7480 7524 7135 11352 9876 10590 10729 11365 11799 11954 
7409 7224 4739 4073 3635 4750 5645 6144 4738 4072 4680 5592 6746 7248 6428 5954 4516 4310 1948 2597 4269 5457 6711 4884 4049 1367 1628 1115 0 905 1400 1363 1624 3155 2950 3804 4092 4552 4637 4281 4763 2810 2162 4725 5264 5576 6159 5071 5138 5816 5865 4750 3859 3360 5137 5815 6567 5590 5343 5106 6727 7258 7834 8480 7558 6908 8459 8412 7891 12294 10947 11596 11723 10381 10853 11022 
6647 6394 3842 3184 2746 3859 4750 5258 3946 3309 4139 4950 6114 6600 5950 5549 4208 4135 1092 1700 3798 4951 6109 4650 3684 1627 2163 2013 905 0 583 1860 2343 3697 3227 3850 4031 4827 5032 4911 5448 3712 3050 5197 5561 5644 6647 5602 5971 6659 6759 5645 4750 4260 6039 6719 7438 6438 6114 5836 7504 8061 8698 9348 8455 7800 9204 9080 8457 12997 11849 12474 12596 9694 10032 10210 
6524 6177 3488 2872 2246 3360 4260 4750 3370 2728 3588 4373 5537 6021 5411 5036 3747 3740 550 1236 3988 5093 6158 4975 3950 2193 2745 2512 1400 583 0 2000 2594 3762 3128 3585 3700 4681 4964 5020 5597 4200 3562 5765 6091 6100 7215 6177 6524 7207 7259 6144 5258 4750 6462 7151 7782 6750 6337 6021 7725 8310 9027 9684 8950 8305 9782 9663 9034 13579 12262 12822 12934 9111 9815 10006 
8487 8175 5463 4867 4071 5137 6039 6462 4750 4050 4161 5210 6304 6824 5727 5161 3655 3297 2462 3176 5580 6757 7957 6247 5392 2700 2789 1624 1363 1860 2000 0 700 1843 1615 2594 2968 3200 3275 3053 3606 2863 2460 5769 6451 6885 7151 6036 5463 6082 5816 4738 3946 3370 4750 5450 5882 4816 4341 4021 5727 6320 7100 7763 7447 6865 8974 9094 8753 12870 10465 10909 11008 9981 11814 12003 
8984 8730 6082 5463 4737 5815 6719 7151 5450 4750 4814 5880 6958 7480 6320 5727 4215 3791 3092 3807 5886 7076 8335 6408 5640 2789 2700 1362 1624 2343 2594 700 0 1616 1841 2960 3397 3275 3200 2661 3140 2247 1952 5489 6275 6850 6820 5703 4867 5463 5137 4072 3309 2728 4050 4750 5212 4162 3771 3500 5161 5727 6443 7104 6757 6184 8411 8592 8335 12314 9773 10248 10353 10633 12370 12550 
10286 9915 7109 6566 5593 6567 7438 7782 5882 5212 4750 5868 6801 7315 5880 5210 3784 3188 4149 4836 7413 8594 9800 8009 7204 4398 4308 2950 3155 3697 3762 1843 1616 0 1118 2144 2665 1838 1610 1280 1913 3273 3272 6961 7822 8455 8222 7114 5767 6255 5589 4680 4139 3588 4161 4814 4750 3632 2840 2412 4158 4812 5837 6502 7023 6569 9331 9676 9595 13218 9440 9618 9681 10384 13541 13742 
9587 9127 6255 5767 4680 5590 6438 6750 4816 4162 3632 4750 5691 6207 4814 4161 2697 2139 3409 4042 7025 8173 9284 7803 6893 4307 4396 3153 2950 3227 3128 1615 1841 1118 0 1164 1656 1611 1837 2283 2948 3966 3778 7312 8046 8500 8658 7540 6564 7107 6565 5592 4950 4373 5210 5880 5868 4750 3929 3475 5209 5879 6948 7611 8060 7572 10134 10383 10171 14038 10558 10718 10774 9293 12723 12936 
9737 9154 6230 5848 4602 5343 6114 6337 4341 3771 2840 3929 4750 5252 3747 3070 1700 1060 3702 4208 7573 8668 9661 8500 7516 5168 5361 4207 3804 3850 3585 2594 2960 2144 1164 0 522 1390 1990 3050 3703 5127 4911 8363 9030 9374 9737 8620 7728 8270 7703 6746 6114 5537 6304 6958 6801 5691 4750 4252 5911 6604 7800 8451 9165 8698 11298 11536 11293 15202 11477 11502 11535 8269 12669 12900 
9637 9004 6079 5748 4452 5106 5836 6021 4021 3500 2412 3475 4252 4750 3226 2548 1209 550 3740 4176 7669 8732 9665 8664 7650 5440 5685 4592 4092 4031 3700 2968 3397 2665 1656 522 0 1746 2404 3553 4200 5597 5348 8727 9350 9628 10118 9004 8207 8760 8214 7248 6600 6021 6824 7480 7315 6207 5252 4750 6388 7084 8301 8950 9684 9213 11773 11988 11710 15678 11987 11987 12015 7751 12471 12710 
11029 10490 7574 7156 5952 6727 7504 7725 5727 5161 4158 5209 5911 6388 4750 4050 2926 2261 4897 5470 8622 9760 10835 9414 8501 5900 5941 4636 4552 4827 4681 3200 3275 1838 1611 1390 1746 0 700 2127 2692 5110 5088 8745 9551 10074 10037 8924 7574 8031 7258 6428 5950 5411 5727 6320 5880 4814 3747 3226 4750 5450 6753 7383 8566 8184 11124 11502 11432 14994 10480 10353 10364 9266 14030 14257 
11415 10928 8031 7574 6426 7258 8061 8310 6320 5727 4812 5879 6604 7084 5450 4750 3601 2934 5242 5860 8822 9983 11115 9521 8660 5941 5900 4551 4637 5032 4964 3275 3200 1610 1837 1990 2404 700 0 1511 2024 4792 4863 8563 9433 10050 9804 8702 7156 7574 6727 5954 5549 5036 5161 5727 5210 4161 3070 2548 4050 4750 6059 6686 7973 7621 10674 11109 11115 14520 9790 9653 9665 9965 14501 14721 
11536 11186 8390 7842 6871 7834 8698 9027 7100 6443 5837 6948 7800 8301 6753 6059 4750 4102 5423 6114 8547 9737 10983 9030 8297 5413 5202 3841 4281 4911 5020 3053 2661 1280 2283 3050 3553 2127 1511 0 667 3609 3850 7528 8500 9284 8668 7595 5774 6144 5236 4516 4208 3747 3655 4215 3784 2697 1700 1209 2926 3601 4750 5402 6462 6114 9241 9737 9843 13059 8438 8471 8515 11287 14816 15014 
12092 11773 9003 8441 7503 8480 9348 9684 7763 7104 6502 7611 8451 8950 7383 6686 5402 4750 6021 6720 9004 10197 11473 9408 8727 5813 5536 4202 4763 5448 5597 3606 3140 1913 2948 3703 4200 2692 2024 667 0 3700 4052 7650 8674 9541 8713 7669 5626 5929 4914 4310 4135 3740 3297 3791 3188 2139 1060 550 2261 2934 4102 4750 6021 5728 9004 9572 9774 12770 7808 7808 7850 11915 15409 15602 
9793 9782 7501 6817 6443 7558 8455 8950 7447 6757 7023 8060 9165 9684 8566 7973 6462 6021 4750 5408 6177 7325 8726 6180 5765 3001 2420 1698 2810 3712 4200 2863 2247 3273 3966 5127 5597 5110 4792 3609 3700 0 715 3950 4992 5960 5060 3988 2621 3220 3061 1948 1092 550 2462 3092 4149 3409 3702 3740 4897 5242 5423 6021 4750 4110 6177 6427 6328 10082 8223 9037 9195 12842 13350 13491 
9080 9067 6806 6118 5794 6908 7800 8305 6865 6184 6569 7572 8698 9213 8184 7621 6114 5728 4110 4750 5489 6647 8038 5561 5091 2289 1732 1053 2162 3050 3562 2460 1952 3272 3778 4911 5348 5088 4863 3850 4052 715 0 3707 4650 5494 4951 3842 3046 3700 3711 2597 1700 1236 3176 3807 4836 4042 4208 4176 5470 5860 6114 6720 5408 4750 6517 6647 6393 10410 8936 9750 9905 12369 12635 12777 
8508 8950 7747 7086 7480 8459 9204 9782 8974 8411 9331 10134 11298 11773 11124 10674 9241 9004 6177 6517 4750 5491 6863 3832 4200 3572 3100 4162 4725 5197 5765 5769 5489 6961 7312 8363 8727 8745 8563 7528 7650 3950 3707 0 1192 2549 1450 550 3259 3758 4879 4269 3798 3988 5580 5886 7413 7025 7573 7669 8622 8822 8547 9004 6177 5489 4750 4220 3318 8143 10244 11576 11801 14820 12052 12110 
7800 8360 7536 6921 7524 8412 9080 9663 9094 8592 9676 10383 11536 11988 11502 11109 9737 9572 6427 6647 4220 4750 6040 3050 3688 3962 3669 4914 5264 5561 6091 6451 6275 7822 8046 9030 9350 9551 9433 8500 8674 4992 4650 1192 0 1432 1700 1562 4443 4914 6067 5457 4951 5093 6757 7076 8594 8173 8668 8732 9760 9983 9737 10197 7325 6647 5491 4750 3569 8532 11395 12756 12983 14948 11264 11300 
6587 7252 6850 6307 7135 7891 8457 9034 8753 8335 9595 10171 11293 11710 11432 11115 9843 9774 6328 6393 3318 3569 4750 1931 2860 4208 4150 5506 5576 5644 6100 6885 6850 8455 8500 9374 9628 10074 10050 9284 9541 5960 5494 2549 1432 0 3031 2982 5798 6307 7407 6711 6109 6158 7957 8335 9800 9284 9661 9665 10835 11115 10983 11473 8726 8038 6863 6040 4750 9683 12793 14114 14334 14538 9962 9982 
9500 10049 9080 8437 8899 9855 10576 11158 10410 9854 10780 11584 12747 13222 12569 12112 10670 10414 7625 7951 5885 6450 7731 4750 5344 5022 4539 5530 6159 6647 7215 7151 6820 8222 8658 9737 10118 10037 9804 8668 8713 5060 4951 1450 1700 3031 0 1118 3621 3891 5205 4884 4650 4975 6247 6408 8009 7803 8500 8664 9414 9521 9030 9408 6180 5561 3832 3050 1931 6865 10206 11706 11954 16260 12955 12986 
9055 9500 8271 7605 7959 8954 9711 10288 9430 8852 9719 10551 11715 12197 11494 11025 9573 9306 6610 6980 5300 6033 7397 4366 4750 3990 3464 4414 5071 5602 6177 6036 5703 7114 7540 8620 9004 8924 8702 7595 7669 3988 3842 550 1562 2982 1118 0 2926 3360 4555 4049 3684 3950 5392 5640 7204 6893 7516 7650 8501 8660 8297 8727 5765 5091 4200 3688 2860 7621 9835 11216 11447 15263 12593 12649 
11147 11367 9500 8800 8697 9800 10667 11200 9876 9204 9607 10618 11741 12257 11183 10594 9083 8640 7061 7644 7322 8300 9729 6791 6806 4750 4050 4073 5138 5971 6524 5463 4867 5767 6564 7728 8207 7574 7156 5774 5626 2621 3046 3259 4443 5798 3621 2926 0 700 1629 1367 1627 2193 2700 2789 4398 4307 5168 5440 5900 5941 5413 5813 3001 2289 3572 3962 4208 7474 7030 8317 8541 15414 14752 14849 
11814 12051 10200 9500 9389 10494 11363 11894 10551 9876 10238 11262 12377 12894 11783 11183 9672 9208 7746 8336 7985 8942 10366 7403 7463 5450 4750 4739 5816 6659 7207 6082 5463 6255 7107 8270 8760 8031 7574 6144 5929 3220 3700 3758 4914 6307 3891 3360 700 0 1368 1628 2163 2745 2789 2700 4308 4396 5361 5685 5941 5900 5202 5536 2420 1732 3100 3669 4150 6965 6486 7863 8100 16052 15417 15511 
12470 12595 10495 9801 9500 10615 11509 12008 10494 9801 9945 11017 12087 12609 11357 10720 9230 8704 7809 8459 8684 9726 11159 8290 8193 5817 5139 4750 5865 6759 7259 5816 5137 5589 6565 7703 8214 7258 6727 5236 4914 3061 3711 4879 6067 7407 5205 4555 1629 1368 0 1115 2013 2512 1624 1362 2950 3153 4207 4592 4636 4551 3841 4202 1698 1053 4162 4914 5506 7857 5514 6710 6927 15755 16071 16185 
11448 11537 9390 8698 8385 9500 10394 10894 9390 8698 8887 9948 11031 11552 10346 9722 8221 7720 6694 7344 7697 8773 10203 7409 7224 4739 4073 3635 4750 5645 6144 4738 4072 4680 5592 6746 7248 6428 5954 4516 4310 1948 2597 4269 5457 6711 4884 4049 1367 1628 1115 0 905 1400 1363 1624 3155 2950 3804 4092 4552 4637 4281 4763 2810 2162 4725 5264 5576 8569 6489 7532 7727 14704 15042 15164 
10576 10645 8485 7792 7493 8608 9500 10004 8532 7844 8107 9149 10250 10770 9625 9021 7511 7045 5807 6450 6852 7951 9376 6647 6394 3842 3184 2746 3859 4750 5258 3946 3309 4139 4950 6114 6600 5950 5549 4208 4135 1092 1700 3798 4951 6109 4650 3684 1627 2163 2013 905 0 583 1860 2343 3697 3227 3850 4031 4827 5032 4911 5448 3712 3050 5197 5561 5644 9094 7361 8330 8511 13927 14164 14290 
10271 10288 8041 7354 6993 8108 9004 9500 7990 7299 7531 8578 9674 10195 9042 8438 6928 6463 5300 5957 6610 7739 9152 6524 6177 3488 2872 2246 3360 4260 4750 3370 2728 3588 4373 5537 6021 5411 5036 3747 3740 550 1236 3988 5093 6158 4975 3950 2193 2745 2512 1400 583 0 2000 2594 3762 3128 3585 3700 4681 4964 5020 5597 4200 3562 5765 6091 6100 9666 7707 8571 8737 13351 13841 13977 
12254 12236 9876 9204 8696 9800 10705 11164 9500 8800 8738 9839 10857 11378 10024 9363 7907 7338 7003 7697 8610 9737 11151 8487 8175 5463 4867 4071 5137 6039 6462 4750 4050 4161 5210 6304 6824 5727 5161 3655 3297 2462 3176 5580 6757 7957 6247 5392 2700 2789 1624 1363 1860 2000 0 700 1843 1615 2594 2968 3200 3275 3053 3606 2863 2460 5769 6451 6885 9480 5810 6577 6739 14493 15812 15953 
12865 12874 10551 9876 9389 10493 11399 11860 10200 9500 9427 10530 11541 12061 10690 10024 8578 8000 7694 8385 9180 10290 11712 8984 8730 6082 5463 4737 5815 6719 7151 5450 4750 4814 5880 6958 7480 6320 5727 4215 3791 3092 3807 5886 7076 8335 6408 5640 2789 2700 1362 1624 2343 2594 700 0 1616 1841 2960 3397 3275 3200 2661 3140 2247 1952 5489 6275 6850 9084 5139 5992 6170 15170 16435 16571 
13877 13778 11264 10620 9949 11019 11920 12332 10532 9841 9500 10618 11534 12043 10531 9840 8492 7861 8297 9011 10324 11475 12873 10286 9915 7109 6566 5593 6567 7438 7782 5882 5212 4750 5868 6801 7315 5880 5210 3784 3188 4149 4836 7413 8594 9800 8009 7204 4398 4308 2950 3155 3697 3762 1843 1616 0 1118 2144 2665 1838 1610 1280 1913 3273 3272 6961 7822 8455 10373 4690 5040 5158 15063 17391 17547 
12964 12815 10239 9608 8887 9946 10845 11246 9429 8740 8382 9500 10418 10928 9428 8739 7380 6751 7254 7970 9506 10677 12052 9587 9127 6255 5767 4680 5590 6438 6750 4816 4162 3632 4750 5691 6207 4814 4161 2697 2139 3409 4042 7025 8173 9284 7803 6893 4307 4396 3153 2950 3227 3128 1615 1841 1118 0 1164 1656 1611 1837 2283 2948 3966 3778 7312 8046 8500 10923 5808 6094 6192 13958 16442 16607 
12747 12500 9801 9208 8354 9367 10250 10611 8722 8050 7527 8640 9500 10001 8442 7746 6450 5801 6800 7511 9481 10670 11997 9737 9154 6230 5848 4602 5343 6114 6337 4341 3771 2840 3929 4750 5252 3747 3070 1700 1060 3702 4208 7573 8668 9661 8500 7516 5168 5361 4207 3804 3850 3585 2594 2960 2144 1164 0 522 1390 1990 3050 3703 5127 4911 8363 9030 9374 12037 6747 6789 6844 12975 16140 16322 
12482 12197 9457 8881 7980 8973 9848 10195 8286 7621 7047 8157 9001 9500 7930 7233 5951 5300 6463 7169 9306 10498 11800 9637 9004 6079 5748 4452 5106 5836 6021 4021 3500 2412 3475 4252 4750 3226 2548 1209 550 3740 4176 7669 8732 9665 8664 7650 5440 5685 4592 4092 4031 3700 2968 3397 2665 1656 522 0 1746 2404 3553 4200 5597 5348 8727 9350 9628 12444 7262 7262 7307 12462 15836 16024 
14134 13890 11183 10594 9720 10719 11595 11940 10024 9363 8737 9838 10634 11122 9500 8800 7597 6935 8183 8893 10832 12017 13358 11029 10490 7574 7156 5952 6727 7504 7725 5727 5161 4158 5209 5911 6388 4750 4050 2926 2261 4897 5470 8622 9760 10835 9414 8501 5900 5941 4636 4552 4827 4681 3200 3275 1838 1611 1390 1746 0 700 2127 2692 5110 5088 8745 9551 10074 12209 5838 5605 5626 14010 17530 17712 
14666 14455 11783 11183 10344 11357 12238 12593 10690 10024 9426 10529 11331 11820 10200 9500 8293 7632 8781 9494 11290 12469 13829 11415 10928 8031 7574 6426 7258 8061 8310 6320 5727 4812 5879 6604 7084 5450 4750 3601 2934 5242 5860 8822 9983 11115 9521 8660 5941 5900 4551 4637 5032 4964 3275 3200 1610 1837 1990 2404 700 0 1511 2024 4792 4863 8563 9433 10050 11905 5170 4906 4930 14710 18093 18270 
15157 15051 12514 11877 11171 12229 13127 13524 11688 11003 10566 11681 12550 13050 11481 10783 9500 8851 9535 10250 11600 12747 14149 11536 11186 8390 7842 6871 7834 8698 9027 7100 6443 5837 6948 7800 8301 6753 6059 4750 4102 5423 6114 8547 9737 10983 9030 8297 5413 5202 3841 4281 4911 5020 3053 2661 1280 2283 3050 3553 2127 1511 0 667 3609 3850 7528 8500 9284 10645 3736 3812 3909 16011 18667 18825 
15781 15691 13170 12529 11834 12894 13792 14190 12355 11670 11225 12340 13200 13700 12120 11421 10151 9500 10195 10909 12197 13335 14743 12092 11773 9003 8441 7503 8480 9348 9684 7763 7104 6502 7611 8451 8950 7383 6686 5402 4750 6021 6720 9004 10197 11473 9408 8727 5813 5536 4202 4763 5448 5597 3606 3140 1913 2948 3703 4200 2692 2024 667 0 3700 4052 7650 8674 9541 10584 3146 3146 3250 16646 19302 19457 
14097 14258 12192 11498 11192 12307 13203 13700 12159 11462 11535 12622 13669 14190 12875 12219 10752 10195 9500 10154 10288 11292 12723 9793 9782 7501 6817 6443 7558 8455 8950 7447 6757 7023 8060 9165 9684 8566 7973 6462 6021 4750 5408 6177 7325 8726 6180 5765 3001 2420 1698 2810 3712 4200 2863 2247 3273 3966 5127 5597 5110 4792 3609 3700 0 715 3950 4992 5960 7113 4069 5533 5788 17322 17702 17809 
13383 13550 11512 10816 10543 11657 12550 13053 11547 10854 10987 12063 13127 13649 12377 11732 10250 9711 8855 9500 9573 10576 12007 9080 9067 6806 6118 5794 6908 7800 8305 6865 6184 6569 7572 8698 9213 8184 7621 6114 5728 4110 4750 5489 6647 8038 5561 5091 2289 1732 1053 2162 3050 3562 2460 1952 3272 3778 4911 5348 5088 4863 3850 4052 715 0 3707 4650 5494 7151 4756 6150 6394 16791 16988 17094 
13237 13700 12345 11660 11820 12880 13695 14258 13150 12509 13069 14038 15181 15691 14701 14130 12620 12197 10288 10786 9500 10199 11526 8508 8950 7747 7086 7480 8459 9204 9782 8974 8411 9331 10134 11298 11773 11124 10674 9241 9004 6177 6517 4750 5491 6863 3832 4200 3572 3100 4162 4725 5197 5765 5769 5489 6961 7312 8363 8727 8745 8563 7528 7650 3950 3707 0 1192 2549 3905 7340 9108 9392 18835 16745 16787 
12550 13088 11958 11290 11584 12607 13383 13957 12997 12384 13084 14000 15157 15656 14782 14247 12747 12375 10140 10576 8906 9500 10772 7800 8360 7536 6921 7524 8412 9080 9663 9094 8592 9676 10383 11536 11988 11502 11109 9737 9572 6427 6647 4220 4750 6040 3050 3688 3962 3669 4914 5264 5561 6091 6451 6275 7822 8046 9030 9350 9551 9433 8500 8674 4992 4650 1192 0 1432 3946 8521 10270 10551 18772 15995 16020 
11321 11921 11011 10366 10799 11771 12502 13082 12286 11712 12560 13407 14571 15055 14319 13829 12357 12049 9470 9832 7787 8279 9500 6587 7252 6850 6307 7135 7891 8457 9034 8753 8335 9595 10171 11293 11710 11432 11115 9843 9774 6328 6393 3318 3569 4750 1931 2860 4208 4150 5506 5576 5644 6100 6885 6850 8455 8500 9374 9628 10074 10050 9284 9541 5960 5494 2549 1432 0 4964 9724 11406 11677 18123 14708 14721 
16269 16886 15890 15227 15528 16553 17328 17902 16927 16305 16940 17886 19037 19542 18593 18030 16520 16101 14066 14517 12747 13235 14422 11547 12208 11472 10845 11352 12294 12997 13579 12870 12314 13218 14038 15202 15678 14994 14520 13059 12770 10082 10410 8143 8532 9683 6865 7621 7474 6965 7857 8569 9094 9666 9480 9084 10373 10923 12037 12444 12209 11905 10645 10584 7113 7151 3905 3946 4964 0 9200 11100 11400 22674 19602 19600 
17936 17993 15686 15014 14484 15578 16484 16924 15179 14483 14190 15308 16219 16726 15189 14494 13174 12536 12798 13499 14182 15238 16670 13798 13700 11188 10544 9876 10947 11849 12262 10465 9773 9440 10558 11477 11987 10480 9790 8438 7808 8223 8936 10244 11395 12793 10206 9835 7030 6486 5514 6489 7361 7707 5810 5139 4690 5808 6747 7262 5838 5170 3736 3146 4069 4756 7340 8521 9724 9200 0 1900 2200 19723 21526 21651 
18830 18784 16304 15658 14980 16041 16939 17335 15489 14807 14309 15419 16237 16726 15102 14402 13195 12536 13336 14050 15172 16281 17704 14941 14722 12039 11443 10590 11596 12474 12822 10909 10248 9618 10718 11502 11987 10353 9653 8471 7808 9037 9750 11576 12756 14114 11706 11216 8317 7863 6710 7532 8330 8571 6577 5992 5040 6094 6789 7262 5605 4906 3812 3146 5533 6150 9108 10270 11406 11100 1900 0 300 19602 22378 22524 
18985 18923 16419 15778 15079 16133 17029 17418 15558 14880 14351 15457 16260 16746 15110 14410 13224 12562 13444 14159 15344 16460 17880 15136 14900 12195 11607 10729 11723 12596 12934 11008 10353 9681 10774 11535 12015 10364 9665 8515 7850 9195 9905 11801 12983 14334 11954 11447 8541 8100 6927 7727 8511 8737 6739 6170 5158 6192 6844 7307 5626 4930 3909 3250 5788 6394 9392 10551 11677 11400 2200 300 0 19600 22524 22674 
10467 9360 7864 8285 7431 6664 6254 5736 5857 6411 5820 4799 3676 3157 4533 5229 6600 7209 8655 8316 11385 11815 11806 12823 11735 11276 11857 11365 10381 9694 9111 9981 10633 10384 9293 8269 7751 9266 9965 11287 11915 12842 12369 14820 14948 14538 16260 15263 15414 16052 15755 14704 13927 13351 14493 15170 15063 13958 12975 12462 14010 14710 16011 16646 17322 16791 18835 18772 18123 22674 19723 19602 19600 0 11100 11400 
3605 3640 6470 6975 8079 7379 6766 6799 8618 9003 10460 9927 10278 10268 11469 11761 11648 12142 9393 8707 7433 6560 5223 8237 7960 10353 10982 11799 10853 10032 9815 11814 12370 13541 12723 12669 12471 14030 14501 14816 15409 13350 12635 12052 11264 9962 12955 12593 14752 15417 16071 15042 14164 13841 15812 16435 17391 16442 16140 15836 17530 18093 18667 19302 17702 16988 16745 15995 14708 19602 21526 22378 22524 11100 0 300 
3716 3828 6689 7179 8305 7625 7027 7071 8875 9250 10718 10199 10562 10556 11746 12031 11899 12386 9592 8912 7527 6622 5261 8286 8048 10491 11113 11954 11022 10210 10006 12003 12550 13742 12936 12900 12710 14257 14721 15014 15602 13491 12777 12110 11300 9982 12986 12649 14849 15511 16185 15164 14290 13977 15953 16571 17547 16607 16322 16024 17712 18270 18825 19457 17809 17094 16787 16020 14721 19600 21651 22524 22674 11400 300 0 
