0 220 28 50 54 74 79 90 110 133 158 178 198 191 188 181 178 150 148 177 205 207 215 223 235 246 232 262 246 241 221 206 223 229 227 210 191 173 156 135 122 108 101 122 141 121 220 153 199 184 200 189 196 211 205 212 209 230 229 250 251 265 268 281 286 272 276 256 259 239 244 238 241 223 230 221 253 261 271 287 294 332 326 337 345 357 338 324 311 322 310 313 296 303 286 278 267 254 266 258 277 270 289 286 306 301 315 312 319 312 308 295 293 285 285 265 264 284 299 320 321 342 344 347 353 362 369 379 388 365 376 398 192 436 454 480 474 487 494 491 486 499 486 473 467 446 445 431 417 400 403 421 435 437 443 447 461 445 470 457 459 453 458 413 404 398 392 379 375 372 370 392 391 413 320 448 469 469 441 420 398 377 467 334 313 292 270 249 215 206 185 171 147 121 100 161 58 38 183 14 492 236 163 258 200 231 207 228 292 345 370 383 433 386 423 233 243 138 238 293 311 376 275 175 213 
220 0 192 171 170 149 151 155 165 179 196 211 227 241 251 246 257 240 258 274 292 271 247 234 219 210 30 200 180 173 146 155 184 191 181 209 192 176 161 144 133 124 121 99 80 100 14 68 21 38 23 51 68 60 41 38 25 22 16 31 35 48 55 67 80 71 83 74 81 78 92 92 99 103 117 120 168 165 180 178 189 193 183 186 200 204 172 146 140 159 155 162 157 170 168 156 157 135 134 120 122 109 115 108 118 106 116 111 116 99 90 76 72 65 64 44 46 65 79 100 100 121 124 130 144 161 176 194 209 195 213 226 31 252 266 287 277 289 294 290 282 294 273 261 252 232 229 217 203 187 194 210 222 226 232 239 251 251 266 254 259 253 262 227 211 201 189 164 157 152 149 171 171 193 100 228 249 250 222 201 180 159 276 117 96 76 57 40 29 19 45 57 79 103 124 66 165 187 39 222 283 167 266 202 35 159 13 226 169 185 204 172 241 177 243 139 153 87 146 111 189 201 54 47 15 
28 192 0 21 30 47 55 70 95 121 148 168 189 186 185 177 177 149 151 179 207 205 209 213 223 231 204 246 229 223 201 187 206 213 210 198 178 158 140 116 100 82 74 94 112 92 192 125 171 156 172 162 170 185 178 184 181 202 201 222 223 237 240 253 258 245 249 229 232 213 219 213 217 199 207 199 234 241 252 266 274 310 303 314 323 334 313 299 286 297 286 290 273 281 265 256 246 232 243 234 252 245 264 260 280 274 288 285 292 284 280 266 265 257 256 236 236 256 270 292 292 313 315 319 326 335 343 354 363 341 352 374 163 411 429 454 448 461 468 465 459 472 459 445 440 419 417 403 389 372 376 393 407 409 416 420 434 419 443 430 433 427 433 388 378 372 365 351 347 344 342 363 363 384 292 420 441 441 412 391 370 348 442 306 284 263 242 220 187 178 157 143 118 93 72 132 31 16 155 31 465 217 165 242 172 212 179 217 270 321 346 355 407 358 398 212 222 110 217 267 290 351 246 147 184 
50 171 21 0 21 29 41 60 87 115 143 164 186 184 185 178 179 151 157 184 211 207 206 209 215 222 182 235 217 210 187 175 196 203 200 191 170 150 130 104 86 65 53 74 91 71 170 103 150 135 151 141 150 165 157 164 160 181 180 201 202 216 219 232 238 224 229 209 213 193 201 195 199 181 191 183 220 227 238 252 260 294 287 297 306 317 296 280 268 280 268 273 256 265 250 241 231 216 226 217 234 226 245 241 260 254 268 265 272 263 259 245 243 236 235 215 214 234 249 270 271 292 294 298 305 315 324 335 345 323 335 356 142 392 410 435 429 442 448 445 439 452 438 425 419 398 396 383 369 351 356 373 387 389 395 400 413 400 423 410 413 407 413 369 359 352 345 330 326 322 320 342 341 363 270 398 419 419 391 370 348 327 423 284 263 242 220 199 165 156 135 121 97 72 51 111 16 20 133 52 445 205 170 231 150 199 158 211 255 304 329 335 388 338 380 197 208 89 203 247 275 333 225 125 163 
54 170 30 21 0 21 25 41 67 94 122 144 165 163 164 157 159 131 137 164 191 186 185 188 195 203 185 217 199 193 171 157 178 184 181 171 150 130 111 86 70 53 49 71 93 74 171 105 149 133 149 136 142 157 152 159 157 178 178 199 199 213 215 229 232 219 222 202 204 184 190 184 187 169 177 169 204 211 222 236 244 280 273 284 293 304 284 270 257 268 256 260 243 251 235 226 216 202 213 205 223 216 235 232 252 247 261 259 265 259 256 242 242 234 234 214 215 235 249 271 270 291 292 294 300 308 315 325 334 311 323 345 143 382 400 426 420 433 440 437 432 445 432 419 414 393 391 378 364 346 349 367 381 383 390 393 407 391 416 403 405 399 404 359 350 344 338 325 322 320 320 341 342 363 270 399 420 420 392 371 350 328 413 286 265 244 223 202 168 157 139 126 102 79 60 116 36 38 135 61 438 188 151 213 154 182 157 191 240 292 317 329 378 332 369 182 192 94 187 239 260 322 224 127 164 
74 149 47 29 21 0 14 35 64 92 120 142 163 165 167 160 164 137 146 171 198 189 185 185 189 195 164 206 188 181 157 146 169 176 172 166 145 124 103 76 57 35 28 50 73 54 150 85 128 112 128 115 122 137 131 138 136 157 157 178 178 193 194 208 212 198 202 182 185 165 172 166 169 152 161 153 191 197 209 222 231 264 257 268 277 288 266 251 239 250 239 243 227 235 220 211 201 186 196 188 205 198 216 213 232 227 241 238 245 238 235 222 221 213 213 193 194 214 228 250 249 270 271 273 279 288 296 307 316 293 306 327 122 364 382 407 401 414 420 418 412 425 412 399 393 372 371 357 343 326 329 347 361 363 369 373 387 372 396 383 386 379 385 341 331 325 318 305 302 299 299 320 321 342 249 378 399 400 371 350 329 308 395 265 244 223 202 181 148 137 119 106 83 61 45 96 38 50 114 79 418 176 159 203 133 169 136 187 225 275 299 309 360 312 351 168 179 75 173 219 245 304 203 106 143 
79 151 55 41 25 14 0 21 49 77 106 127 149 150 153 146 150 123 133 158 184 175 170 171 175 182 168 193 175 169 146 134 155 162 158 152 131 110 90 63 45 29 31 52 78 61 153 89 130 112 129 112 117 133 129 136 135 157 157 178 178 192 193 206 209 195 198 178 180 159 165 159 162 143 152 143 179 186 197 211 219 255 248 259 267 279 258 245 232 242 231 235 217 225 210 201 191 176 187 179 197 191 210 207 227 222 236 235 241 236 235 221 221 213 214 194 196 216 230 252 249 270 270 271 276 283 290 300 309 286 297 319 126 356 375 401 395 408 415 412 407 420 409 395 391 369 368 354 340 322 325 343 357 359 366 369 383 366 391 378 380 374 379 334 325 319 313 302 300 299 299 320 322 343 250 379 400 401 373 352 331 310 388 268 247 226 205 184 152 140 124 111 90 70 57 102 51 61 117 86 414 164 146 190 138 157 138 172 215 266 291 305 353 308 344 157 168 83 162 214 235 296 204 110 146 
90 155 70 60 41 35 21 0 28 56 85 106 128 130 133 126 130 104 116 140 165 155 149 150 155 162 175 175 158 152 130 116 136 143 140 131 110 90 70 45 31 31 45 61 89 75 159 99 135 116 132 112 112 129 128 135 137 158 159 180 179 193 192 206 207 193 194 173 174 153 157 151 153 133 140 131 163 171 181 196 204 241 235 246 254 266 248 236 223 232 220 223 205 212 195 188 177 164 175 168 188 182 203 200 220 217 232 230 237 235 235 221 222 215 217 197 201 220 234 255 252 272 270 270 272 278 283 292 299 275 286 309 133 347 366 392 387 401 407 405 401 414 404 391 387 366 365 351 337 319 321 339 353 354 361 364 378 358 385 371 373 367 371 325 317 312 308 300 299 299 301 322 325 346 253 381 402 404 376 356 335 314 379 272 252 232 211 191 160 146 134 122 103 86 76 114 72 79 125 100 409 147 128 172 147 141 142 152 201 255 280 302 345 303 334 143 152 97 147 207 220 286 207 118 152 
110 165 95 87 67 64 49 28 0 28 56 78 99 102 106 99 104 80 95 116 140 128 121 121 128 136 189 152 136 130 112 95 112 118 116 103 83 63 45 29 31 51 70 81 110 98 171 118 146 127 142 117 112 129 133 140 144 164 166 186 184 198 195 209 206 193 192 171 171 149 151 144 145 124 128 118 143 152 161 178 185 225 220 232 239 251 236 228 214 220 207 210 191 197 178 172 160 149 162 157 178 174 195 194 215 213 228 228 235 235 238 225 228 220 224 205 211 229 243 263 257 277 273 271 270 272 276 282 288 263 272 296 147 336 355 382 378 392 399 397 393 407 400 386 385 363 363 349 334 316 317 335 350 350 357 359 373 349 378 364 366 359 363 315 309 305 302 299 299 302 305 326 331 352 260 386 407 410 383 362 342 321 369 281 261 242 222 203 175 159 151 141 124 111 103 133 100 105 141 122 403 126 105 148 162 121 153 124 185 242 267 299 335 300 322 126 134 119 130 201 202 275 214 134 165 
133 179 121 115 94 92 77 56 28 0 28 50 71 74 79 73 80 60 79 95 116 101 92 93 102 112 205 130 116 112 99 79 90 95 95 76 57 40 29 35 51 76 96 105 133 124 187 140 162 143 156 128 119 135 143 149 156 175 178 197 194 207 202 216 210 197 194 173 172 150 149 142 142 121 121 110 127 136 144 162 168 212 207 220 226 239 228 222 208 212 198 200 180 184 164 159 147 140 153 151 172 171 192 192 213 213 228 228 235 240 245 232 236 229 234 216 224 241 254 274 266 285 279 274 271 270 271 275 279 254 260 285 165 326 347 374 371 385 392 391 388 402 398 384 384 363 363 349 334 316 316 334 349 349 356 356 370 342 373 359 360 353 356 307 303 301 299 300 303 307 312 333 340 360 270 394 414 418 391 371 351 331 361 292 273 255 237 219 192 176 171 162 148 137 131 156 128 132 159 146 400 108 86 125 181 105 168 96 171 232 257 299 328 299 312 115 120 144 117 199 187 266 225 154 181 
158 196 148 143 122 120 106 85 56 28 0 21 43 47 55 50 60 49 71 79 95 76 64 65 77 90 224 112 102 99 92 71 73 77 79 51 35 28 35 57 76 103 124 130 158 150 206 164 181 162 174 145 132 146 158 164 172 189 193 211 207 219 213 226 218 205 200 180 178 157 153 146 145 124 121 110 115 126 130 151 155 201 198 212 216 230 222 221 206 207 193 194 173 175 155 152 138 135 149 149 171 172 193 194 215 217 231 233 240 247 255 242 248 241 247 230 240 256 268 287 277 296 288 281 274 271 270 271 273 247 252 277 186 319 340 368 366 380 387 386 385 399 398 384 386 364 365 351 337 319 317 335 350 349 356 356 370 337 370 356 357 350 351 302 299 299 299 304 309 315 322 342 350 370 282 403 423 428 401 382 362 343 354 306 288 270 253 237 212 196 193 185 173 164 159 180 157 160 181 171 398 96 74 106 202 94 187 70 162 225 249 302 323 300 305 110 111 170 110 201 175 260 238 176 200 
178 211 168 164 144 142 127 106 78 50 21 0 21 30 41 38 51 51 72 72 82 60 43 44 60 76 240 101 94 93 93 72 65 67 72 35 28 35 51 76 96 124 145 151 177 170 221 183 197 178 189 159 145 158 171 177 186 202 207 223 219 231 223 235 226 213 207 188 185 165 159 153 151 130 126 115 110 121 124 145 147 196 194 208 210 225 221 222 207 206 192 192 171 172 150 149 135 136 150 152 173 176 197 198 219 222 236 238 245 255 264 251 258 252 258 242 253 268 280 298 287 305 296 288 279 273 271 270 271 244 247 273 203 316 337 365 364 378 385 385 384 398 400 386 388 367 368 354 340 322 320 338 352 351 358 357 371 335 370 356 356 349 349 299 299 299 300 309 315 322 331 350 359 379 292 411 430 436 410 391 372 354 351 317 300 283 267 251 228 212 211 204 193 184 180 199 178 181 198 191 398 92 71 95 219 92 202 51 158 222 246 305 321 303 302 111 110 190 110 205 169 257 250 194 216 
198 227 189 186 165 163 149 128 99 71 43 21 0 21 35 36 50 61 79 71 74 47 22 25 47 67 256 94 92 92 99 80 64 64 71 28 35 51 70 96 117 145 166 171 197 191 237 202 213 196 205 175 159 171 186 191 201 216 221 237 232 243 235 246 235 223 216 198 194 175 168 162 159 140 133 123 110 121 121 142 143 193 192 206 207 221 221 225 210 207 193 193 171 171 149 150 136 140 153 157 178 182 202 205 225 229 243 246 252 264 274 262 270 264 271 256 267 282 293 310 298 316 305 296 285 277 273 271 270 244 244 271 221 314 335 363 363 377 384 384 384 398 402 388 392 371 372 359 345 327 324 342 356 354 361 359 373 334 370 356 356 349 349 299 299 301 303 316 322 331 341 360 370 388 304 420 439 445 420 401 383 365 349 330 313 297 282 267 246 229 229 223 213 205 201 218 199 202 216 211 400 93 74 88 237 94 218 35 157 221 244 310 320 308 299 116 112 210 113 211 165 256 263 212 233 
191 241 186 184 163 165 150 130 102 74 47 30 21 0 14 16 29 45 61 50 54 30 25 41 67 87 270 115 113 113 119 99 85 85 92 49 53 65 80 104 124 150 171 178 206 198 251 211 227 208 219 189 175 188 201 207 216 232 237 253 248 260 252 264 254 242 235 216 213 193 187 181 178 158 153 142 131 142 142 163 164 214 213 227 228 242 242 245 231 228 214 213 192 192 170 171 157 160 174 177 198 202 222 225 245 249 263 265 272 283 292 280 288 281 288 272 283 298 310 327 316 334 324 315 305 298 294 292 291 265 265 292 233 335 356 384 384 398 405 405 405 419 423 409 413 391 393 379 365 348 344 362 376 375 382 380 394 355 391 377 377 370 370 320 320 322 324 336 342 350 359 378 388 407 322 439 458 464 438 420 401 383 370 347 330 313 297 281 258 242 240 233 221 211 205 228 199 200 228 205 421 114 54 108 249 115 232 53 178 242 265 331 341 328 320 136 132 218 134 231 186 277 280 223 246 
188 251 185 185 164 167 153 133 106 79 55 41 35 14 0 7 15 38 50 36 41 22 35 54 81 101 280 129 128 128 132 112 99 99 107 64 67 77 90 112 130 156 176 184 212 203 261 219 236 218 229 200 186 199 212 218 227 243 248 264 260 272 265 277 267 254 248 229 226 206 200 194 191 172 166 156 145 156 156 178 178 228 228 242 242 257 256 260 245 242 229 228 207 206 185 185 171 174 188 191 212 216 236 238 259 263 277 279 285 296 305 293 300 294 300 284 294 310 321 339 328 347 337 329 319 312 309 306 306 279 280 306 242 349 370 399 398 413 420 420 420 434 437 423 427 406 407 393 379 362 359 376 391 389 396 394 408 370 406 392 391 384 384 334 335 336 338 349 355 363 372 391 401 420 334 452 471 477 451 433 414 395 385 359 341 324 308 292 268 251 249 241 228 217 209 235 200 199 236 202 435 128 41 122 258 129 242 67 192 256 279 345 356 342 335 150 147 224 148 245 201 292 292 232 256 
181 246 177 178 157 160 146 126 99 73 50 38 36 16 7 0 14 31 45 35 45 29 40 57 83 103 274 131 128 128 131 110 99 99 107 64 65 73 85 106 124 149 169 178 206 197 256 213 231 212 224 195 181 195 208 213 222 239 243 260 256 268 261 273 264 251 246 226 223 203 198 191 189 169 164 153 145 156 157 178 179 229 228 242 243 258 256 258 244 242 228 228 206 206 185 185 171 173 187 189 210 214 234 236 257 260 274 276 283 293 302 289 296 290 296 279 289 305 317 335 325 343 334 326 317 311 308 306 306 279 280 307 236 350 371 399 398 413 420 420 420 434 436 422 425 404 406 392 378 360 357 375 389 388 395 393 407 370 405 391 391 384 384 334 334 335 337 347 353 360 369 388 397 417 330 449 468 474 448 429 410 391 385 355 337 320 303 287 262 246 243 234 221 210 202 229 193 191 231 195 434 128 38 124 252 128 237 70 192 256 280 343 356 341 335 148 146 217 147 243 202 292 287 226 251 
178 257 177 179 159 164 150 130 104 80 60 51 50 29 15 14 0 28 35 21 35 29 51 70 96 117 284 144 142 142 144 124 113 113 121 78 79 85 96 115 132 155 174 185 213 203 266 221 241 222 235 206 193 207 219 224 233 250 254 271 268 280 273 286 277 264 259 239 236 216 211 204 202 182 177 167 159 170 171 192 193 243 242 256 257 271 270 272 258 256 242 242 220 220 199 199 185 187 201 203 224 227 248 250 270 274 288 290 296 306 314 302 308 302 308 291 300 317 329 347 337 356 347 339 331 324 321 320 320 293 294 321 246 364 385 413 412 427 434 434 434 448 450 436 439 418 419 406 391 374 371 389 403 402 409 407 421 384 419 405 405 398 398 348 348 349 351 361 366 373 382 401 410 429 342 462 481 487 461 442 423 404 399 367 349 331 314 297 272 256 252 243 229 216 207 237 195 192 240 193 448 142 25 137 262 142 247 83 206 270 294 357 370 354 349 162 160 224 161 257 216 306 299 234 261 
150 240 149 151 131 137 123 104 80 60 49 51 61 45 38 31 28 0 21 35 60 57 71 85 108 127 266 153 146 144 142 121 117 119 124 85 79 78 82 96 110 132 149 162 191 179 248 199 223 204 217 189 179 194 203 210 217 235 239 257 254 267 261 274 267 254 250 229 227 206 203 196 195 174 171 160 162 172 175 196 199 247 245 259 262 276 271 270 256 256 242 242 221 223 201 200 186 185 199 199 220 222 243 244 265 267 281 283 290 296 303 290 296 289 294 276 285 302 314 334 325 344 337 331 324 321 320 320 322 295 298 325 226 367 388 416 414 429 436 435 434 448 448 434 436 414 415 401 387 369 367 385 400 399 406 405 419 385 419 405 406 399 400 350 348 348 348 354 358 364 371 391 398 418 329 452 472 476 450 430 410 391 402 353 334 316 297 280 253 237 231 221 205 191 181 214 167 164 220 164 448 143 25 146 242 142 229 96 209 272 297 351 371 350 353 159 160 200 159 251 221 308 285 214 242 
148 258 151 157 137 146 133 116 95 79 71 72 79 61 50 45 35 21 0 28 57 63 85 102 127 146 283 173 167 165 163 142 137 139 145 105 100 99 103 114 126 145 162 176 205 191 266 213 240 221 235 208 198 214 222 229 235 254 257 276 273 286 281 294 288 274 271 250 248 227 224 217 216 195 193 182 183 194 196 217 220 268 266 280 283 297 292 292 277 277 263 264 242 244 223 221 207 206 220 220 242 243 264 265 286 288 303 304 311 317 324 310 315 308 313 295 303 321 334 353 345 364 357 351 346 342 341 341 343 317 320 346 243 388 409 437 436 450 457 456 456 469 469 455 457 436 436 422 408 390 389 407 421 420 427 427 441 407 441 427 427 420 421 371 370 370 370 375 379 385 391 411 418 439 349 472 492 497 470 450 430 410 423 372 353 334 316 297 270 254 246 236 219 203 191 229 173 167 236 163 469 164 14 166 258 164 247 114 230 294 318 373 393 371 374 181 181 213 181 272 242 329 304 230 259 
177 274 179 184 164 171 158 140 116 95 79 72 71 50 36 35 21 35 28 0 28 40 70 90 117 137 301 165 163 163 165 145 135 135 142 99 100 105 114 130 145 167 185 197 226 214 283 234 257 238 251 223 211 226 237 242 250 268 272 290 286 299 292 305 297 284 279 259 256 236 231 224 222 202 198 187 181 192 192 213 215 264 263 277 278 293 292 294 279 277 263 263 242 242 220 220 206 208 222 224 245 248 269 271 291 294 309 310 317 326 334 321 327 321 326 309 318 335 347 366 356 375 367 359 351 346 343 341 341 315 316 342 261 385 406 434 434 448 455 455 455 469 472 458 461 439 440 427 412 395 392 410 424 423 430 429 443 405 441 427 427 420 420 370 370 371 372 382 387 393 401 421 429 449 361 482 501 507 480 461 442 423 420 385 367 349 331 314 288 272 266 257 241 226 216 250 200 195 255 191 470 163 14 159 277 164 264 103 228 292 315 378 391 376 371 183 181 236 182 277 237 327 317 249 277 
205 292 207 211 191 198 184 165 140 116 95 82 74 54 41 45 35 60 57 28 0 28 64 85 114 135 320 163 164 165 173 153 137 136 145 101 108 118 130 150 167 191 210 221 249 238 301 256 276 258 270 240 227 240 253 259 267 284 288 305 301 313 306 318 308 296 289 270 267 247 241 235 232 213 207 197 183 194 192 213 213 263 263 277 277 292 294 298 284 280 266 265 244 243 221 223 209 214 227 231 252 256 276 279 299 303 317 319 326 337 346 334 341 335 341 325 335 351 363 380 370 388 378 369 359 351 347 343 342 315 315 341 281 384 405 434 434 448 455 455 456 470 475 462 466 445 446 433 419 401 398 415 430 428 435 432 446 406 443 429 428 421 420 370 372 374 377 390 396 404 413 433 442 461 375 493 512 518 493 474 455 436 420 400 382 365 348 332 307 291 287 279 264 251 241 272 227 223 275 220 472 167 42 156 297 168 282 99 229 292 315 385 392 382 370 190 186 260 187 285 236 328 333 270 296 
207 271 205 207 186 189 175 155 128 101 76 60 47 30 22 29 29 57 63 40 28 0 35 57 85 106 300 135 136 137 146 127 110 108 117 74 82 95 110 133 152 178 198 206 234 225 281 240 257 238 249 219 205 217 231 237 246 262 267 283 278 290 282 294 283 271 264 245 241 223 216 210 206 187 181 171 155 165 164 185 185 235 235 249 249 263 265 271 257 252 238 237 216 214 193 195 181 186 200 204 224 229 249 252 272 277 290 293 299 311 322 310 317 311 318 302 313 328 340 357 345 363 353 343 332 324 319 315 313 287 286 313 262 356 377 405 405 420 427 427 428 442 447 434 438 417 419 405 391 374 370 388 402 400 407 404 418 377 414 400 400 393 392 342 344 346 349 363 369 378 388 407 417 436 351 467 486 493 467 449 430 412 391 377 359 343 327 311 288 272 270 262 250 239 231 256 222 220 257 222 444 139 51 128 279 141 262 71 200 264 286 357 363 354 341 163 158 246 160 259 207 299 310 253 276 
215 247 209 206 185 185 170 149 121 92 64 43 22 25 35 40 51 71 85 70 64 35 0 21 50 71 277 99 101 103 114 97 76 74 83 41 55 73 92 118 139 167 188 193 219 213 258 224 234 217 226 196 179 191 207 211 222 236 241 256 251 262 253 264 252 240 233 215 211 193 185 179 175 157 149 140 120 131 128 150 149 199 199 213 213 228 230 236 222 217 203 202 181 179 158 160 146 153 166 171 191 197 216 219 239 244 258 260 267 280 292 280 288 283 290 275 287 301 312 328 316 333 322 311 299 290 284 280 278 251 251 277 242 320 341 370 370 384 391 392 393 407 412 399 403 383 385 371 357 340 336 353 367 366 372 369 383 342 379 365 364 357 356 306 308 311 315 329 337 346 357 376 386 405 322 436 454 461 436 418 400 382 356 348 332 317 302 287 267 250 251 245 235 227 223 240 220 222 238 229 409 105 76 92 259 108 239 35 165 228 251 324 328 320 306 130 124 232 127 226 172 264 282 234 254 
223 234 213 209 188 185 171 150 121 93 65 44 25 41 54 57 70 85 102 90 85 57 21 0 28 49 264 78 80 83 96 80 57 53 63 25 44 65 86 114 135 164 185 188 213 209 246 216 223 206 214 184 166 176 193 197 209 222 227 241 236 246 237 247 234 223 215 197 193 176 167 162 157 141 132 123 99 110 107 128 128 178 178 192 192 206 209 216 202 196 183 181 160 158 136 139 126 133 146 152 171 178 197 200 219 225 238 241 247 262 274 263 272 266 274 260 272 286 296 312 299 315 303 292 280 269 263 259 256 230 229 256 231 299 320 348 348 363 370 370 371 385 391 378 383 362 364 351 337 320 315 333 347 345 351 348 362 320 358 344 343 336 335 285 287 290 294 310 317 328 339 357 368 386 306 417 435 442 418 400 382 365 334 332 316 302 287 274 255 238 241 236 228 223 220 232 222 226 228 236 388 85 95 71 248 88 227 14 144 207 229 303 306 300 284 111 104 226 108 206 150 242 267 224 242 
235 219 223 215 195 189 175 155 128 102 77 60 47 67 81 83 96 108 127 117 114 85 50 28 0 21 250 49 53 57 75 63 35 29 40 25 44 65 86 114 135 164 185 185 207 206 231 209 210 194 201 171 151 159 178 181 193 205 210 223 217 226 216 226 212 201 192 176 171 155 145 140 135 120 110 102 72 83 79 100 99 149 150 164 163 178 181 189 175 168 155 153 132 130 108 112 99 108 120 127 146 153 171 175 193 201 213 217 223 238 252 241 251 246 254 241 255 267 276 291 277 293 280 268 254 242 236 230 228 202 201 227 220 270 291 319 320 334 341 342 343 357 363 350 355 335 337 324 310 293 288 305 319 317 324 320 334 292 329 315 315 308 306 256 259 262 266 284 292 303 315 333 345 363 284 392 410 418 394 377 359 343 305 311 297 283 270 258 242 225 231 227 222 220 220 225 227 234 217 248 360 60 121 42 236 65 213 14 116 179 201 277 278 273 255 88 79 221 83 181 122 214 247 214 228 
246 210 231 222 203 195 182 162 136 112 90 76 67 87 101 103 117 127 146 137 135 106 71 49 21 0 240 28 35 40 63 57 28 21 29 41 55 73 92 118 139 167 188 185 206 206 223 206 202 188 193 163 143 149 169 172 184 194 200 210 205 213 202 211 196 186 176 161 155 142 131 126 121 108 96 90 54 63 58 79 78 128 129 143 142 157 160 169 156 148 135 133 112 109 88 92 79 91 102 111 128 136 154 158 175 183 195 199 205 222 236 226 236 232 240 229 243 254 263 277 261 277 263 250 235 223 216 210 207 181 180 206 213 249 270 298 299 313 320 321 322 336 343 329 335 315 317 304 290 274 268 285 299 297 304 300 314 271 308 295 294 287 285 235 238 241 246 265 274 286 299 316 328 346 269 375 392 400 377 360 343 327 284 297 283 270 258 248 234 218 226 223 220 220 223 221 233 241 211 258 339 45 141 21 229 51 205 35 95 158 180 258 257 253 234 74 63 220 68 164 101 193 234 209 220 
232 30 204 182 185 164 168 175 189 205 224 240 256 270 280 274 284 266 283 301 320 300 277 264 250 240 0 230 210 203 177 186 215 221 211 239 221 205 189 170 157 144 137 116 92 111 18 79 43 62 50 80 98 91 71 68 56 50 43 46 52 59 71 78 96 91 104 100 107 107 121 122 129 134 148 151 198 196 210 207 218 219 208 211 225 228 194 167 162 183 180 187 185 197 197 185 186 165 163 149 149 135 139 131 138 125 132 126 130 107 93 82 73 67 61 45 35 54 68 89 95 115 123 134 153 174 191 211 227 216 235 246 42 268 280 299 288 299 304 299 290 301 276 265 254 235 231 219 207 192 201 215 227 231 237 245 256 264 274 264 268 263 274 242 225 213 200 168 158 149 142 163 160 181 91 216 237 237 208 187 166 144 289 102 81 60 38 17 17 29 47 61 85 111 132 71 175 196 50 232 288 197 292 233 32 190 37 257 197 208 225 178 255 186 260 170 184 94 177 133 217 221 52 58 23 
262 200 246 235 217 206 193 175 152 130 112 101 94 115 129 131 144 153 173 165 163 135 99 78 49 28 230 0 21 28 57 60 40 35 35 67 76 90 106 130 149 175 195 189 207 210 213 206 195 183 185 157 136 139 160 162 175 182 188 197 190 197 185 193 176 168 156 144 138 127 114 111 105 96 83 79 33 40 31 51 50 100 100 114 114 128 133 143 130 121 108 106 86 81 61 67 55 71 80 91 105 115 131 136 152 161 172 176 182 201 216 207 219 214 224 214 229 238 246 259 242 256 241 227 211 197 189 182 179 152 151 178 207 220 241 270 270 285 292 292 294 308 315 302 308 288 290 277 264 248 242 259 272 270 276 272 286 242 280 266 265 258 257 207 210 214 219 240 250 263 277 293 307 323 251 351 368 377 354 338 322 306 256 279 266 255 245 236 226 210 221 220 221 224 229 220 244 254 206 274 311 35 168 7 223 42 196 64 68 130 151 232 228 227 206 60 46 221 53 141 72 165 219 206 211 
246 180 229 217 199 188 175 158 136 116 102 94 92 113 128 128 142 146 167 163 164 136 101 80 53 35 210 21 0 7 36 41 29 28 22 64 67 77 90 112 130 156 176 169 186 189 193 185 174 162 164 136 115 119 140 142 155 162 169 178 172 179 168 177 161 151 141 127 121 108 97 93 87 76 63 59 19 29 29 50 53 101 100 114 115 130 129 135 121 116 102 101 79 78 57 58 45 56 67 75 93 101 118 122 140 148 160 164 169 186 201 191 202 197 207 196 210 221 229 242 227 242 228 215 200 189 183 178 178 151 152 179 187 221 242 271 270 285 292 291 292 306 311 297 302 281 283 270 256 239 235 252 266 264 271 268 281 241 278 264 263 256 256 206 207 209 213 230 239 250 263 280 293 310 235 339 357 365 341 324 308 292 257 262 249 237 226 217 206 189 200 199 200 203 209 199 226 237 186 257 308 14 164 22 202 21 176 67 64 128 151 223 227 219 207 40 28 201 34 128 74 164 201 185 191 
241 173 223 210 193 181 169 152 130 112 99 93 92 113 128 128 142 144 165 163 165 137 103 83 57 40 203 28 7 0 28 35 28 29 21 64 65 73 85 106 124 149 169 162 178 182 186 177 167 154 157 129 108 112 132 135 148 155 162 171 165 173 162 171 156 146 136 121 115 102 91 86 81 70 57 52 17 28 31 52 56 103 101 114 117 131 128 133 119 114 100 100 78 78 57 57 43 51 63 71 89 96 114 118 136 143 156 159 165 182 196 186 196 191 201 189 204 214 223 236 221 237 223 211 197 186 181 178 178 151 154 180 179 222 243 271 270 285 292 292 292 306 309 296 300 279 281 268 254 237 232 250 264 262 269 266 280 242 277 263 263 256 256 206 206 208 211 227 235 246 259 276 288 306 229 335 353 361 337 320 303 287 258 257 243 231 219 210 198 182 193 192 192 196 202 192 219 230 178 252 307 6 164 29 195 14 169 70 64 128 152 220 228 217 208 34 23 193 28 124 76 164 195 177 184 
221 146 201 187 171 157 146 130 112 99 92 93 99 119 132 131 144 142 163 165 173 146 114 96 75 63 177 57 36 28 0 21 40 45 35 73 65 64 69 85 100 124 143 134 150 154 159 149 139 126 130 101 80 85 105 108 121 130 136 147 142 151 141 151 138 126 118 101 96 80 71 65 61 45 35 27 33 40 51 65 73 113 108 121 127 140 130 128 114 114 101 102 81 85 66 60 48 43 57 58 79 83 103 106 126 130 144 146 153 165 177 166 176 170 179 166 180 191 201 216 202 219 207 197 186 180 178 178 181 155 161 186 151 228 248 276 273 288 295 294 292 306 306 292 295 273 274 261 247 229 226 244 258 258 264 263 277 244 277 263 264 257 259 209 207 206 207 216 223 232 242 261 272 290 209 321 340 346 322 304 286 268 262 236 221 207 195 184 171 155 164 163 164 168 175 163 195 207 150 231 305 22 164 57 167 14 141 85 72 133 158 212 230 210 214 17 22 165 18 112 90 167 172 149 157 
206 155 187 175 157 146 134 116 95 79 71 72 80 99 112 110 124 121 142 145 153 127 97 80 63 57 186 60 41 35 21 0 29 36 28 56 45 43 51 71 89 114 135 129 149 150 168 149 146 131 137 107 87 96 114 118 130 142 147 160 155 165 156 167 155 143 136 118 114 96 88 82 79 60 53 43 47 57 65 83 89 132 128 141 146 159 151 149 135 135 121 122 101 105 85 80 67 64 78 79 100 103 124 126 146 150 164 166 172 184 195 183 192 186 193 179 192 205 216 232 219 236 225 216 206 200 199 199 202 176 181 207 157 248 269 297 294 309 315 315 313 327 327 313 315 294 295 281 267 249 247 265 279 278 285 284 298 265 298 284 285 278 279 230 227 227 228 237 242 251 261 279 290 308 225 340 359 365 340 322 303 285 283 252 236 221 207 195 178 162 168 165 163 164 169 164 184 195 154 216 326 30 143 58 173 25 149 71 92 153 178 232 251 230 234 38 40 163 39 132 107 188 186 152 164 
223 184 206 196 178 169 155 136 112 90 73 65 64 85 99 99 113 117 137 135 137 110 76 57 35 28 215 40 29 28 40 29 0 7 7 36 38 50 66 92 112 139 160 157 177 178 197 178 175 160 166 136 116 124 143 146 158 169 175 187 182 191 181 191 177 166 158 141 136 120 111 105 101 85 75 67 46 57 58 79 82 131 129 143 145 159 157 160 146 143 129 128 107 107 85 85 71 76 90 95 115 121 140 143 162 168 181 184 190 205 217 207 216 211 219 206 219 232 241 256 242 259 246 235 223 214 209 206 206 180 182 208 186 251 271 300 299 313 320 320 320 334 338 324 328 307 309 295 281 264 260 277 292 290 297 295 308 270 306 292 292 285 285 235 235 236 239 253 260 271 282 300 311 329 249 360 378 385 361 343 326 308 286 276 261 248 234 223 207 191 198 195 192 192 195 193 207 216 184 234 335 29 135 35 202 31 178 45 93 157 180 247 256 244 236 54 48 192 50 149 104 192 212 182 193 
229 191 213 203 184 176 162 143 118 95 77 67 64 85 99 99 113 119 139 135 136 108 74 53 29 21 221 35 28 29 45 36 7 0 10 35 41 55 73 99 119 146 167 164 185 185 203 185 182 168 173 143 123 130 150 153 165 176 182 193 188 197 186 196 182 171 162 146 141 125 116 111 106 91 80 73 46 57 57 78 80 129 128 142 144 158 157 162 148 144 130 129 107 107 85 86 72 80 92 99 118 124 143 147 165 172 184 188 194 209 222 212 221 216 224 212 225 237 247 261 247 263 250 239 226 216 210 207 206 180 181 207 193 250 271 299 299 313 320 320 320 334 339 325 329 309 310 297 283 266 262 279 293 292 298 296 310 270 306 292 292 285 284 234 235 237 241 256 264 274 286 304 316 333 255 364 382 389 365 347 330 313 285 282 267 253 241 229 214 198 205 202 199 199 202 201 214 222 191 240 336 31 136 30 209 35 185 41 93 157 180 250 256 246 235 59 51 199 54 153 102 192 218 189 200 
227 181 210 200 181 172 158 140 116 95 79 72 71 92 107 107 121 124 145 142 145 117 83 63 40 29 211 35 22 21 35 28 7 10 0 43 45 55 71 95 114 141 162 157 177 178 193 177 173 158 163 134 113 120 140 143 155 165 171 183 177 186 176 186 171 161 152 135 130 115 105 100 95 80 70 62 38 49 51 72 75 123 121 135 137 152 149 153 139 135 121 121 99 99 78 78 64 70 83 88 108 114 133 136 155 162 174 178 184 199 212 201 211 205 214 201 215 227 236 251 237 253 240 229 216 206 202 199 199 172 174 201 184 243 264 292 291 306 313 313 313 327 330 316 320 300 301 288 274 257 253 270 284 283 290 287 301 263 298 284 284 277 277 227 227 229 232 246 254 264 276 294 305 323 244 353 372 379 354 337 319 303 278 271 256 243 230 219 205 188 196 194 192 193 196 192 210 219 182 239 328 21 143 31 200 25 175 51 85 149 173 240 249 237 229 48 41 192 44 143 96 185 207 180 190 
210 209 198 191 171 166 152 131 103 76 51 35 28 49 64 64 78 85 105 99 101 74 41 25 25 41 239 67 64 64 73 56 36 35 43 0 21 43 64 92 113 142 163 165 189 186 221 192 198 181 189 159 141 151 168 172 183 197 202 216 211 221 212 223 211 199 192 174 169 152 144 138 134 116 108 99 81 92 92 114 115 164 164 178 179 193 193 197 183 179 165 164 143 142 121 121 107 112 126 130 151 156 176 178 198 203 217 219 226 239 250 239 248 242 249 235 247 261 272 288 275 292 280 270 259 250 245 242 242 215 216 242 206 285 306 335 334 349 356 356 356 370 374 360 364 343 345 331 317 300 296 314 328 326 333 331 345 306 342 328 327 320 320 270 271 272 275 289 296 305 316 334 345 364 281 395 413 420 395 377 359 341 321 308 292 277 262 249 230 213 217 211 204 200 199 208 203 209 203 222 371 65 101 60 223 67 202 21 128 192 215 283 292 280 271 89 84 203 86 185 137 228 242 200 217 
191 192 178 170 150 145 131 110 83 57 35 28 35 53 67 65 79 79 100 100 108 82 55 44 44 55 221 76 67 65 65 45 38 41 45 21 0 21 42 70 92 120 142 144 168 164 203 172 179 162 171 141 124 136 151 156 166 181 186 201 196 208 199 211 200 188 181 162 159 140 133 127 124 105 99 88 82 93 96 117 120 168 166 180 183 197 192 193 179 178 164 164 142 143 122 121 107 107 121 124 145 148 169 171 191 195 209 211 218 229 239 227 235 229 235 220 232 246 257 274 262 280 270 261 252 245 242 242 242 216 219 245 187 288 308 337 335 350 357 356 356 370 371 357 360 339 340 326 312 295 292 310 324 323 330 328 342 306 341 327 327 320 321 271 270 270 272 282 288 296 305 324 334 353 269 385 404 410 385 366 347 329 323 294 277 262 246 232 212 195 197 191 184 179 177 188 183 189 183 203 370 64 99 71 204 64 184 42 129 193 217 277 292 275 273 82 81 182 81 178 142 229 228 180 199 
173 176 158 150 130 124 110 90 63 40 28 35 51 65 77 73 85 78 99 105 118 95 73 65 65 73 205 90 77 73 64 43 50 55 55 43 21 0 21 49 70 99 120 122 147 143 186 151 162 144 154 124 109 122 136 141 150 166 171 187 183 195 188 200 191 178 173 153 150 130 126 119 117 96 93 82 88 99 105 124 129 174 171 184 189 202 194 192 178 179 165 166 145 148 127 124 110 107 121 121 142 144 165 166 187 189 203 205 212 220 229 216 223 217 223 207 217 233 244 262 251 270 261 254 247 242 242 243 245 219 224 250 169 292 312 340 338 352 359 358 357 371 370 356 357 336 337 323 308 291 289 307 321 321 328 327 341 309 342 328 328 321 323 273 271 270 270 276 281 288 296 316 324 344 257 376 396 401 375 356 337 318 326 282 264 248 231 216 194 177 178 172 163 157 156 167 162 169 164 185 370 70 101 85 185 67 167 64 134 197 221 273 295 272 277 81 84 161 82 173 149 232 215 161 181 
156 161 140 130 111 103 90 70 45 29 35 51 70 80 90 85 96 82 103 114 130 110 92 86 86 92 189 106 90 85 69 51 66 73 71 64 42 21 0 28 49 78 99 102 127 122 171 132 146 127 139 109 97 111 122 128 136 154 158 175 172 184 178 191 184 171 167 146 145 124 121 114 114 92 92 81 99 108 116 134 140 183 178 191 197 210 198 193 179 183 169 171 150 155 135 130 117 110 124 121 143 142 164 164 185 186 200 201 208 214 220 207 213 206 212 195 204 221 233 251 242 261 254 248 243 242 242 246 250 224 231 256 152 297 317 345 341 356 363 361 359 373 370 356 356 334 335 321 306 288 288 306 320 320 327 327 341 312 344 330 331 324 326 277 273 271 270 273 276 281 288 308 316 336 247 369 389 394 367 347 328 308 331 271 252 235 218 201 178 161 160 153 143 137 135 148 142 149 147 168 371 81 108 102 168 76 152 85 142 202 227 271 298 270 283 85 91 140 88 171 159 236 203 142 165 
135 144 116 104 86 76 63 45 29 35 57 76 96 104 112 106 115 96 114 130 150 133 118 114 114 118 170 130 112 106 85 71 92 99 95 92 70 49 28 0 21 50 71 74 101 94 152 107 127 108 121 93 86 102 108 115 121 140 143 162 159 173 169 183 179 165 164 142 142 121 121 114 115 94 99 88 117 125 135 151 158 197 191 203 211 223 207 198 184 191 178 181 162 168 151 143 132 121 133 128 148 145 166 165 186 185 199 199 206 208 212 198 202 195 199 181 189 206 219 239 232 252 247 243 242 243 247 253 259 234 243 267 130 306 326 353 348 362 369 367 364 378 371 357 356 334 334 320 306 288 288 306 321 321 328 330 344 319 348 335 336 329 333 285 279 276 273 270 271 275 279 300 306 326 235 361 381 385 357 337 317 297 340 258 238 220 201 183 157 141 136 128 116 109 107 123 115 124 124 146 374 101 122 127 146 95 133 113 157 213 238 270 306 271 293 98 107 113 103 172 175 246 190 119 146 
122 133 100 86 70 57 45 31 31 51 76 96 117 124 130 124 132 110 126 145 167 152 139 135 135 139 157 149 130 124 100 89 112 119 114 113 92 70 49 21 0 28 50 54 82 74 140 89 115 95 110 86 83 100 102 109 112 133 135 155 153 167 165 179 178 164 164 143 144 122 126 119 121 101 108 99 134 141 152 166 174 210 203 215 223 235 216 205 191 200 188 191 173 181 164 156 146 132 143 136 156 151 171 169 189 187 201 200 207 206 208 194 197 189 192 173 179 198 211 232 226 247 243 242 242 247 252 260 267 243 254 277 116 315 334 360 355 369 376 373 369 383 374 360 357 336 335 321 307 289 291 308 323 324 331 333 347 326 353 340 342 335 340 293 285 281 277 270 270 271 275 296 300 321 229 356 376 379 352 331 310 290 347 250 229 210 191 172 143 128 120 111 97 88 85 105 95 106 109 131 378 118 135 146 131 112 122 134 170 223 248 271 313 273 302 112 122 93 117 176 189 254 183 104 133 
108 124 82 65 53 35 29 31 51 76 103 124 145 150 156 149 155 132 145 167 191 178 167 164 164 167 144 175 156 149 124 114 139 146 141 142 120 99 78 50 28 0 21 30 59 47 128 68 103 85 101 83 88 103 100 107 107 128 129 150 149 164 164 178 180 166 169 148 151 130 136 130 134 116 125 118 157 163 175 188 196 229 221 232 241 252 231 216 203 215 203 208 191 200 185 176 166 150 161 152 169 162 181 178 198 193 207 205 212 207 206 192 193 185 186 166 170 189 203 225 222 242 242 242 247 254 261 271 280 258 270 292 101 328 346 372 366 379 386 383 378 391 379 366 361 340 339 325 311 293 296 314 328 329 336 340 353 337 362 349 351 345 350 305 296 290 284 273 271 270 271 292 295 316 223 351 372 374 346 325 304 283 359 241 220 200 180 159 128 115 102 91 73 60 57 83 71 85 94 114 385 143 156 173 115 136 111 163 190 239 264 276 324 278 316 133 145 68 139 185 210 268 176 87 121 
101 121 74 53 49 28 31 45 70 96 124 145 166 171 176 169 174 149 162 185 210 198 188 185 185 188 137 195 176 169 143 135 160 167 162 163 142 120 99 71 50 21 0 21 46 30 122 57 100 83 100 88 97 111 103 110 107 129 128 149 150 164 166 180 184 171 176 156 159 140 148 142 146 130 141 134 176 181 194 205 214 244 236 246 256 266 243 227 215 228 217 221 206 215 202 192 183 166 176 166 182 174 192 188 206 200 214 211 218 210 207 193 192 185 185 165 166 186 200 221 221 242 242 245 252 261 270 282 292 270 284 304 94 339 357 382 375 388 394 391 386 399 385 371 366 345 343 329 315 298 302 319 333 335 342 346 360 347 370 357 360 353 360 316 305 299 292 277 273 271 270 292 292 314 221 349 370 371 343 322 301 279 370 237 216 195 174 153 120 109 92 79 58 41 35 70 55 73 86 105 391 163 173 193 106 156 108 184 206 252 276 281 334 284 327 150 163 52 157 194 227 280 175 78 115 
122 99 94 74 71 50 52 61 81 105 130 151 171 178 184 178 185 162 176 197 221 206 193 188 185 185 116 189 169 162 134 129 157 164 157 165 144 122 102 74 54 30 21 0 29 21 101 38 78 62 78 68 79 93 83 90 86 107 107 128 128 143 145 159 164 151 156 136 140 122 131 125 130 116 128 122 167 171 185 194 204 231 222 231 242 251 227 209 197 211 201 206 192 202 190 179 172 153 162 151 166 156 174 169 187 181 194 191 198 189 186 172 171 163 163 143 145 164 179 200 199 220 221 224 231 242 251 264 274 254 268 287 74 321 339 363 356 369 375 372 366 379 364 351 345 324 322 309 295 277 282 299 312 315 321 326 339 328 350 337 340 334 341 298 286 279 272 256 252 249 248 270 271 292 199 328 349 350 321 301 279 258 351 216 195 174 153 132 100 88 73 61 43 35 41 53 73 92 65 126 371 155 186 188 86 148 86 186 194 236 260 261 316 264 310 140 153 39 147 175 215 263 153 58 94 
141 80 112 91 93 73 78 89 110 133 158 177 197 206 212 206 213 191 205 226 249 234 219 213 207 206 92 207 186 178 150 149 177 185 177 189 168 147 127 101 82 59 46 29 0 20 79 12 60 48 63 64 82 91 76 82 74 93 91 111 113 127 132 145 153 141 149 132 136 121 132 128 134 124 137 134 181 184 198 205 215 237 227 235 247 255 227 207 196 212 204 209 198 209 199 188 182 162 168 156 168 157 172 166 182 174 186 183 189 176 170 156 153 146 144 124 123 143 158 179 180 201 204 210 220 234 245 260 272 253 269 287 51 318 335 358 350 362 368 364 357 370 352 339 332 311 309 296 282 265 271 287 301 304 310 316 328 322 341 329 332 326 334 294 281 273 263 243 237 232 229 251 250 271 179 307 328 328 300 279 257 236 346 194 172 151 130 108 75 65 46 33 15 24 43 24 85 106 42 141 360 172 215 206 60 165 67 210 202 238 261 249 311 254 308 153 167 14 160 172 224 262 134 34 72 
121 100 92 71 74 54 61 75 98 124 150 170 191 198 203 197 203 179 191 214 238 225 213 209 206 206 111 210 189 182 154 150 178 185 178 186 164 143 122 94 74 47 30 21 20 0 99 32 79 66 82 79 94 105 92 98 92 112 110 131 132 146 150 164 171 159 165 147 152 135 145 141 146 133 146 141 187 191 204 213 223 248 239 247 258 267 241 222 211 226 216 222 209 219 208 197 190 171 179 167 181 171 186 182 199 191 203 200 206 195 189 176 173 165 164 144 143 163 178 199 200 221 224 229 239 251 262 276 287 268 282 301 71 334 351 374 367 379 385 382 375 387 371 358 351 330 328 315 301 284 289 306 319 322 329 334 347 339 359 346 350 344 351 310 297 290 281 262 257 252 249 271 270 291 199 327 348 348 320 299 277 256 363 213 192 171 150 128 95 85 65 52 29 14 25 42 65 86 62 121 379 176 203 209 80 168 87 207 211 251 275 268 327 272 323 159 173 22 166 187 233 277 154 54 92 
