0 728 700 921 1118 1300 1513 1711 1811 1910 2109 2100 2308 2507 2607 2700 2807 3337 3551 3634 3622 3405 3505 3700 3905 4300 4204 4428 4464 4143 3640 3417 3584 3328 3275 3080 3023 2983 3111 3182 2906 2941 3220 3275 3551 3721 3894 4070 4356 4614 4716 5021 5500 5700 5656 5872 6081 6222 6511 6621 6440 6268 6021 6053 6003 5953 5905 5859 5813 5769 5727 5685 5456 5100 4875 5147 5126 5571 5536 5502 5470 5440 5412 5385 5360 5336 5000 4805 4657 4464 4272 4079 4044 4512 4751 4866 5277 5261 5246 5234 5223 5215 5208 5203 5200 4901 4501 3600 3401 3201 3001 2801 2601 2692 2886 3080 3275 3471 3640 3453 3269 3087 2906 2088 1403 1077 1565 1923 1931 2193 2080 2420 2404 2475 2690 2624 2607 2865 2416 2600 2340 2473 2236 2137 2158 1941 1843 1746 1868 1708 1552 1414 1315 1360 1392 1077 1118 1000 282 
728 0 200 200 400 632 800 1000 1100 1200 1400 1414 1600 1800 1900 2009 2100 2617 2828 2915 2906 2700 2800 3006 3200 3605 3500 3712 3736 3417 2912 2692 2884 2640 2580 2408 2343 2334 2500 2580 2332 2416 2683 2785 3046 3231 3417 3605 3848 4123 4204 4477 4939 5131 5032 5234 5456 5597 5903 6046 5883 5730 5470 5546 5503 5462 5423 5385 5348 5314 5281 5249 4997 4623 4427 4712 4729 5166 5141 5119 5099 5080 5063 5048 5035 5024 4709 4509 4328 4130 3931 3801 3801 4210 4500 4601 5003 5000 5000 5000 5003 5008 5015 5024 5035 4767 4373 3471 3255 3059 2863 2668 2473 2400 2600 2800 3000 3200 3255 3059 2863 2668 2473 1802 1442 854 1200 1513 1600 1811 1581 1878 1802 1886 2061 1984 1920 2163 1700 1878 1615 1746 1513 1414 1431 1216 1118 1019 1140 984 824 700 600 632 670 360 424 412 500 
700 200 0 282 447 600 824 1019 1118 1216 1414 1400 1612 1811 1910 2000 2109 2647 2863 2942 2927 2707 2807 3000 3206 3600 3505 3733 3794 3492 2973 2773 3000 2765 2701 2545 2475 2483 2662 2745 2505 2600 2863 2973 3231 3417 3605 3794 4031 4308 4386 4652 5110 5300 5185 5381 5608 5748 6060 6212 6053 5905 5643 5727 5685 5646 5608 5571 5536 5502 5470 5440 5186 4810 4617 4904 4924 5360 5336 5315 5295 5277 5261 5246 5234 5223 4909 4709 4527 4328 4130 4001 4001 4410 4700 4801 5203 5200 5200 5200 5203 5208 5215 5223 5234 4964 4570 3667 3452 3255 3059 2863 2668 2600 2800 3000 3200 3400 3452 3255 3059 2863 2668 2002 1612 1044 1400 1711 1800 2009 1772 2061 1972 2059 2220 2140 2051 2280 1802 1972 1700 1802 1552 1456 1486 1264 1170 1077 1208 1081 894 728 632 721 781 500 583 608 538 
921 200 282 0 200 447 600 800 900 1000 1200 1216 1400 1600 1700 1811 1900 2418 2630 2716 2707 2500 2600 2807 3000 3405 3300 3512 3544 3231 2720 2507 2720 2483 2420 2262 2193 2202 2385 2469 2236 2340 2600 2720 2973 3162 3352 3544 3769 4049 4123 4382 4837 5024 4904 5099 5326 5467 5780 5936 5780 5635 5371 5462 5423 5385 5348 5314 5281 5249 5220 5192 4933 4554 4368 4657 4687 5119 5099 5080 5063 5048 5035 5024 5015 5008 4701 4501 4310 4110 3911 3801 3811 4201 4504 4601 5000 5000 5003 5008 5015 5024 5035 5048 5063 4805 4414 3517 3298 3104 2912 2720 2529 2408 2607 2807 3006 3206 3224 3026 2828 2630 2433 1824 1562 943 1216 1500 1612 1800 1529 1802 1700 1788 1941 1860 1769 2000 1526 1700 1431 1552 1315 1216 1236 1019 921 824 948 806 632 500 400 447 500 223 316 412 700 
1118 400 447 200 0 282 400 600 700 800 1000 1019 1200 1400 1500 1612 1700 2220 2433 2517 2507 2300 2400 2607 2800 3206 3100 3313 3352 3046 2529 2325 2561 2334 2267 2126 2051 2080 2282 2370 2154 2280 2529 2668 2912 3104 3298 3492 3700 3984 4049 4295 4741 4924 4780 4967 5200 5341 5661 5830 5682 5546 5277 5385 5348 5314 5281 5249 5220 5192 5166 5141 4876 4492 4317 4609 4652 5080 5063 5048 5035 5024 5015 5008 5003 5000 4701 4501 4301 4101 3901 3811 3832 4201 4517 4609 5003 5008 5015 5024 5035 5048 5063 5080 5099 4850 4464 3573 3352 3162 2973 2785 2600 2433 2630 2828 3026 3224 3206 3006 2807 2607 2408 1868 1697 1063 1264 1513 1649 1811 1503 1746 1615 1708 1835 1749 1627 1843 1360 1526 1252 1360 1118 1019 1044 824 728 632 761 640 447 300 200 282 360 223 316 500 900 
1300 632 600 447 282 0 282 447 538 632 824 800 1019 1216 1315 1400 1513 2061 2280 2353 2334 2109 2209 2400 2607 3000 2906 3140 3231 2952 2416 2247 2545 2343 2267 2163 2080 2147 2376 2469 2280 2433 2668 2828 3059 3255 3452 3649 3832 4123 4176 4401 4833 5008 4825 5000 5243 5382 5714 5905 5769 5646 5371 5502 5470 5440 5412 5385 5360 5336 5315 5295 5021 4632 4472 4767 4825 5246 5234 5223 5215 5208 5203 5200 5200 5200 4909 4709 4501 4301 4101 4031 4060 4410 4738 4825 5215 5223 5234 5246 5261 5277 5295 5315 5336 5096 4712 3827 3605 3417 3231 3046 2863 2668 2863 3059 3255 3452 3400 3200 3000 2800 2600 2118 1979 1345 1523 1746 1897 2039 1702 1910 1746 1843 1931 1838 1664 1843 1345 1486 1204 1252 984 894 943 721 640 565 707 670 447 223 200 400 500 500 583 781 1118 
1513 800 824 600 400 282 0 200 300 400 600 632 800 1000 1100 1216 1300 1824 2039 2121 2109 1900 2000 2209 2400 2807 2700 2915 2973 2683 2154 1972 2262 2061 1984 1886 1802 1878 2118 2213 2039 2209 2433 2607 2828 3026 3224 3423 3590 3883 3929 4143 4569 4742 4548 4720 4964 5103 5437 5635 5503 5385 5107 5249 5220 5192 5166 5141 5119 5099 5080 5063 4785 4393 4242 4539 4609 5024 5015 5008 5003 5000 5000 5000 5003 5008 4726 4527 4310 4110 3911 3863 3905 4229 4570 4652 5035 5048 5063 5080 5099 5119 5141 5166 5192 4964 4588 3716 3492 3310 3130 2952 2778 2529 2720 2912 3104 3298 3206 3006 2807 2607 2408 2012 2000 1360 1442 1615 1788 1897 1529 1700 1513 1612 1676 1581 1389 1562 1063 1204 921 984 728 632 670 447 360 282 424 412 200 100 200 282 360 538 583 806 1300 
1711 1000 1019 800 600 447 200 0 100 200 400 447 600 800 900 1019 1100 1627 1843 1923 1910 1700 1800 2009 2200 2607 2500 2716 2785 2505 1969 1802 2126 1941 1860 1788 1700 1802 2061 2158 2009 2200 2408 2600 2807 3006 3206 3405 3551 3847 3883 4080 4494 4661 4441 4604 4854 4992 5333 5546 5423 5314 5032 5192 5166 5141 5119 5099 5080 5063 5048 5035 4751 4356 4219 4517 4601 5008 5003 5000 5000 5000 5003 5008 5015 5024 4751 4554 4328 4130 3931 3905 3956 4257 4609 4687 5063 5080 5099 5119 5141 5166 5192 5220 5249 5032 4661 3801 3577 3400 3224 3052 2884 2600 2785 2973 3162 3352 3224 3026 2828 2630 2433 2109 2163 1526 1562 1700 1886 1969 1581 1711 1500 1600 1627 1529 1300 1442 943 1063 781 806 538 447 500 282 223 200 316 412 282 300 400 447 500 728 761 984 1500 
1811 1100 1118 900 700 538 300 100 0 100 300 360 500 700 800 921 1000 1529 1746 1824 1811 1600 1700 1910 2100 2507 2400 2617 2692 2418 1878 1720 2061 1886 1802 1746 1655 1772 2039 2137 2002 2202 2402 2601 2801 3001 3201 3401 3535 3832 3863 4052 4459 4623 4390 4548 4802 4939 5283 5503 5385 5281 4997 5166 5141 5119 5099 5080 5063 5048 5035 5024 4738 4341 4210 4509 4600 5003 5000 5000 5000 5003 5008 5015 5024 5035 4767 4570 4341 4143 3945 3929 3984 4275 4632 4707 5080 5099 5119 5141 5166 5192 5220 5249 5281 5069 4701 3847 3623 3448 3275 3106 2941 2640 2823 3008 3195 3383 3238 3041 2844 2647 2451 2163 2247 1612 1627 1749 1941 2012 1615 1726 1503 1603 1612 1513 1264 1389 894 1000 721 721 447 360 424 223 200 223 300 447 360 400 500 538 583 824 854 1077 1600 
1910 1200 1216 1000 800 632 400 200 100 0 200 282 400 600 700 824 900 1431 1649 1726 1711 1500 1600 1811 2000 2408 2300 2517 2600 2332 1788 1640 2000 1835 1749 1708 1615 1746 2022 2121 2000 2209 2400 2607 2800 3000 3200 3400 3522 3820 3847 4026 4427 4588 4341 4494 4750 4887 5235 5462 5348 5249 4964 5141 5119 5099 5080 5063 5048 5035 5024 5015 4726 4328 4204 4504 4601 5000 5000 5000 5003 5008 5015 5024 5035 5048 4785 4589 4356 4159 3962 3956 4016 4295 4657 4729 5099 5119 5141 5166 5192 5220 5249 5281 5314 5107 4742 3894 3671 3498 3328 3162 3000 2683 2863 3046 3231 3417 3255 3059 2863 2668 2473 2220 2332 1700 1697 1802 2000 2059 1655 1746 1513 1612 1603 1503 1236 1341 854 943 670 640 360 282 360 200 223 282 316 500 447 500 600 632 670 921 948 1170 1700 
2109 1400 1414 1200 1000 824 600 400 300 200 0 200 200 400 500 632 700 1236 1456 1529 1513 1300 1400 1612 1800 2209 2100 2319 2416 2163 1612 1486 1886 1746 1655 1649 1552 1711 2002 2102 2009 2236 2408 2630 2807 3006 3206 3405 3505 3805 3820 3981 4368 4522 4248 4390 4652 4788 5142 5385 5281 5192 4904 5099 5080 5063 5048 5035 5024 5015 5008 5003 4709 4310 4200 4500 4609 5000 5003 5008 5015 5024 5035 5048 5063 5080 4827 4632 4393 4197 4002 4016 4085 4341 4712 4780 5141 5166 5192 5220 5249 5281 5314 5348 5385 5189 4830 3996 3773 3605 3440 3280 3124 2778 2952 3130 3310 3492 3298 3104 2912 2720 2529 2343 2505 1878 1843 1920 2126 2163 1749 1802 1552 1649 1603 1503 1204 1264 806 854 608 500 223 200 300 282 360 447 424 640 632 700 800 824 854 1118 1140 1360 1900 
2100 1414 1400 1216 1019 800 632 447 360 282 200 0 282 447 538 600 728 1300 1523 1581 1552 1315 1414 1600 1811 2200 2109 2353 2505 2280 1720 1627 2059 1931 1838 1843 1746 1910 2202 2302 2209 2433 2607 2828 3006 3206 3405 3605 3705 4004 4019 4177 4560 4712 4428 4565 4830 4964 5322 5571 5470 5385 5096 5295 5277 5261 5246 5234 5223 5215 5208 5203 4909 4509 4400 4700 4809 5200 5203 5208 5215 5223 5234 5246 5261 5277 5021 4827 4589 4393 4197 4205 4272 4535 4904 4972 5336 5360 5385 5412 5440 5470 5502 5536 5571 5371 5008 4167 3944 3773 3605 3440 3280 2952 3130 3310 3492 3676 3492 3298 3104 2912 2720 2500 2607 1972 1979 2080 2280 2332 1923 1992 1746 1843 1802 1702 1403 1456 1004 1044 806 670 412 400 500 447 500 565 583 781 721 728 824 894 943 1170 1208 1431 1910 
2308 1600 1612 1400 1200 1019 800 600 500 400 200 282 0 200 300 447 500 1044 1264 1334 1315 1100 1200 1414 1600 2009 1900 2121 2236 2000 1442 1345 1788 1676 1581 1612 1513 1700 2002 2102 2039 2280 2433 2668 2828 3026 3224 3423 3500 3800 3805 3945 4317 4464 4162 4294 4561 4695 5056 5314 5220 5141 4850 5063 5048 5035 5024 5015 5008 5003 5000 5000 4701 4301 4204 4504 4627 5008 5015 5024 5035 5048 5063 5080 5099 5119 4876 4684 4438 4244 4052 4085 4162 4396 4775 4838 5192 5220 5249 5281 5314 5348 5385 5423 5462 5277 4924 4104 3883 3720 3560 3405 3255 2884 3052 3224 3400 3577 3352 3162 2973 2785 2600 2475 2683 2061 2000 2051 2262 2280 1860 1878 1615 1708 1627 1529 1204 1216 806 806 608 412 223 282 360 447 538 632 583 806 824 900 1000 1019 1044 1315 1334 1552 2100 
2507 1800 1811 1600 1400 1216 1000 800 700 600 400 447 200 0 100 282 300 854 1077 1140 1118 900 1000 1216 1400 1811 1700 1923 2059 1843 1280 1220 1708 1627 1529 1600 1500 1711 2022 2121 2088 2340 2473 2720 2863 3059 3255 3452 3505 3805 3800 3920 4275 4414 4085 4204 4477 4609 4976 5249 5166 5099 4805 5035 5024 5015 5008 5003 5000 5000 5000 5003 4701 4301 4219 4517 4652 5024 5035 5048 5063 5080 5099 5119 5141 5166 4933 4743 4492 4301 4110 4162 4248 4459 4846 4904 5249 5281 5314 5348 5385 5423 5462 5503 5546 5371 5024 4220 4000 3841 3687 3538 3394 3000 3162 3328 3498 3671 3417 3231 3046 2863 2683 2617 2863 2247 2163 2193 2408 2408 1984 1972 1700 1788 1676 1581 1236 1200 854 806 670 412 360 447 500 632 728 824 761 984 1019 1100 1200 1216 1236 1513 1529 1746 2300 
2607 1900 1910 1700 1500 1315 1100 900 800 700 500 538 300 100 0 223 200 761 984 1044 1019 800 900 1118 1300 1711 1600 1824 1972 1769 1204 1166 1676 1612 1513 1603 1503 1726 2039 2137 2118 2376 2500 2751 2886 3080 3275 3471 3512 3811 3801 3911 4257 4393 4049 4162 4438 4569 4939 5220 5141 5080 4785 5024 5015 5008 5003 5000 5000 5000 5003 5008 4704 4304 4229 4527 4669 5035 5048 5063 5080 5099 5119 5141 5166 5192 4964 4775 4522 4332 4143 4204 4294 4494 4884 4939 5281 5314 5348 5385 5423 5462 5503 5546 5590 5420 5077 4280 4060 3905 3753 3606 3465 3061 3220 3383 3551 3721 3453 3269 3087 2906 2729 2690 2954 2340 2247 2267 2483 2475 2051 2024 1749 1835 1708 1615 1264 1204 894 824 721 447 447 538 583 728 824 921 854 1077 1118 1200 1300 1315 1334 1612 1627 1843 2400 
2700 2009 2000 1811 1612 1400 1216 1019 921 824 632 600 447 282 223 0 223 781 1000 1029 984 728 824 1000 1216 1600 1513 1772 2000 1843 1280 1300 1843 1802 1702 1811 1711 1941 2256 2353 2340 2600 2720 2973 3104 3298 3492 3687 3721 4019 4004 4104 4440 4570 4205 4308 4588 4716 5092 5385 5315 5261 4964 5215 5208 5203 5200 5200 5200 5203 5208 5215 4909 4509 4440 4738 4883 5246 5261 5277 5295 5315 5336 5360 5385 5412 5186 4997 4743 4554 4365 4428 4517 4716 5107 5162 5502 5536 5571 5608 5646 5685 5727 5769 5813 5643 5300 4500 4280 4123 3969 3820 3676 3280 3440 3605 3773 3944 3676 3492 3310 3130 2952 2900 3130 2507 2441 2475 2690 2690 2267 2247 1972 2059 1931 1838 1486 1414 1118 1044 943 670 640 721 781 894 984 1077 1029 1252 1264 1315 1414 1456 1486 1746 1772 1992 2507 
2807 2100 2109 1900 1700 1513 1300 1100 1000 900 700 728 500 300 200 223 0 583 806 854 824 600 700 921 1100 1513 1400 1627 1802 1627 1063 1077 1627 1600 1500 1627 1529 1772 2088 2184 2193 2459 2563 2823 2941 3132 3324 3517 3535 3832 3811 3901 4229 4356 3984 4085 4365 4494 4870 5166 5099 5048 4751 5008 5003 5000 5000 5000 5003 5008 5015 5024 4716 4318 4257 4554 4707 5063 5080 5099 5119 5141 5166 5192 5220 5249 5032 4846 4588 4401 4215 4294 4390 4569 4965 5015 5348 5385 5423 5462 5503 5546 5590 5635 5682 5522 5186 4404 4186 4036 3889 3748 3612 3189 3342 3500 3661 3827 3534 3354 3176 3001 2830 2842 3138 2529 2418 2420 2640 2617 2193 2140 1860 1941 1788 1700 1341 1236 1000 894 848 565 632 728 761 921 1019 1118 1044 1264 1315 1400 1500 1513 1529 1811 1824 2039 2600 
3337 2617 2647 2418 2220 2061 1824 1627 1529 1431 1236 1300 1044 854 761 781 583 0 223 300 316 316 360 640 670 1118 948 1100 1220 1081 538 707 1315 1392 1300 1526 1442 1720 2024 2109 2202 2483 2523 2801 2865 3041 3220 3401 3352 3640 3590 3622 3900 4004 3569 3640 3929 4052 4438 4767 4726 4704 4404 4704 4709 4716 4726 4738 4751 4767 4785 4805 4491 4100 4080 4368 4554 4876 4904 4933 4964 4997 5032 5069 5107 5147 4964 4788 4517 4341 4167 4301 4420 4527 4939 4973 5277 5323 5371 5420 5470 5522 5575 5630 5685 5560 5249 4527 4318 4186 4060 3940 3827 3342 3471 3606 3748 3894 3522 3360 3201 3047 2900 3088 3517 2942 2751 2683 2906 2830 2418 2280 2000 2061 1838 1769 1421 1204 1208 1029 1140 905 1104 1204 1200 1403 1503 1603 1500 1702 1802 1923 2022 2002 2000 2302 2300 2501 3114 
3551 2828 2863 2630 2433 2280 2039 1843 1746 1649 1456 1523 1264 1077 984 1000 806 223 0 141 223 412 400 632 565 1000 806 905 1000 894 400 670 1264 1389 1303 1562 1486 1769 2061 2140 2262 2545 2561 2842 2884 3052 3224 3400 3324 3605 3544 3551 3805 3900 3436 3492 3785 3905 4295 4638 4609 4600 4300 4617 4627 4638 4652 4669 4687 4707 4729 4753 4438 4052 4049 4332 4531 4838 4870 4904 4939 4976 5015 5056 5099 5142 4973 4802 4527 4356 4188 4341 4468 4548 4964 4992 5283 5333 5385 5437 5491 5547 5603 5661 5720 5608 5307 4609 4404 4280 4161 4049 3944 3440 3560 3687 3820 3959 3560 3405 3255 3111 2973 3220 3687 3125 2912 2823 3046 2952 2549 2385 2109 2163 1920 1860 1526 1280 1360 1170 1315 1100 1315 1414 1403 1612 1711 1811 1702 1900 2009 2137 2236 2209 2202 2507 2501 2700 3324 
3634 2915 2942 2716 2517 2353 2121 1923 1824 1726 1529 1581 1334 1140 1044 1029 854 300 141 0 100 360 316 509 424 860 670 800 989 948 509 806 1392 1526 1442 1702 1627 1910 2202 2280 2404 2687 2701 2983 3023 3190 3361 3535 3453 3733 3668 3667 3911 4001 3522 3569 3863 3981 4373 4726 4704 4701 4401 4726 4738 4751 4767 4785 4805 4827 4850 4876 4560 4176 4178 4459 4661 4964 4997 5032 5069 5107 5147 5189 5232 5277 5110 4939 4664 4494 4326 4482 4609 4687 5103 5131 5420 5470 5522 5575 5630 5685 5742 5800 5860 5748 5448 4750 4545 4420 4301 4188 4081 3580 3701 3828 3962 4101 3701 3546 3397 3252 3114 3354 3807 3238 3036 2954 3178 3088 2683 2523 2247 2302 2061 2000 1664 1421 1486 1300 1431 1204 1403 1503 1500 1702 1802 1902 1800 2002 2102 2220 2319 2302 2300 2601 2600 2801 3413 
3622 2906 2927 2707 2507 2334 2109 1910 1811 1711 1513 1552 1315 1118 1019 984 824 316 223 100 0 282 223 412 360 806 632 806 1063 1044 608 894 1486 1612 1526 1780 1702 1984 2280 2360 2475 2758 2780 3061 3106 3275 3448 3623 3546 3827 3764 3765 4011 4101 3622 3667 3962 4079 4472 4825 4804 4801 4501 4825 4837 4850 4866 4883 4903 4924 4947 4972 4657 4272 4272 4554 4753 5059 5092 5126 5162 5200 5239 5280 5322 5366 5197 5024 4750 4579 4410 4560 4686 4770 5186 5215 5507 5556 5608 5660 5714 5768 5824 5882 5940 5825 5522 4816 4609 4482 4360 4243 4134 3640 3764 3894 4031 4172 3780 3623 3471 3324 3182 3400 3832 3255 3067 2996 3220 3138 2729 2580 2302 2360 2126 2061 1720 1486 1523 1341 1456 1216 1400 1500 1503 1700 1800 1900 1802 2009 2100 2209 2308 2300 2302 2600 2601 2807 3405 
3405 2700 2707 2500 2300 2109 1900 1700 1600 1500 1300 1315 1100 900 800 728 600 316 412 360 282 0 100 360 500 921 800 1044 1345 1300 806 1019 1627 1708 1615 1835 1749 2024 2332 2418 2500 2780 2830 3106 3176 3354 3534 3716 3668 3956 3905 3931 4201 4301 3847 3905 4197 4317 4707 5048 5015 5000 4701 5008 5015 5024 5035 5048 5063 5080 5099 5119 4805 4414 4396 4684 4870 5192 5220 5249 5281 5314 5348 5385 5423 5462 5277 5100 4830 4652 4477 4604 4720 4837 5247 5283 5590 5635 5682 5730 5780 5830 5883 5936 5990 5860 5544 4808 4596 4459 4327 4201 4080 3612 3748 3889 4036 4186 3827 3661 3500 3342 3189 3328 3700 3104 2954 2915 3138 3080 2662 2549 2267 2334 2126 2051 1697 1500 1442 1280 1341 1077 1216 1315 1334 1513 1612 1711 1627 1843 1910 2000 2100 2109 2121 2408 2418 2630 3200 
3505 2800 2807 2600 2400 2209 2000 1800 1700 1600 1400 1414 1200 1000 900 824 700 360 400 316 223 100 0 282 400 824 700 948 1280 1264 800 1044 1649 1746 1655 1886 1802 2080 2385 2469 2561 2842 2884 3162 3224 3400 3577 3757 3700 3984 3929 3945 4204 4300 3832 3883 4177 4295 4687 5035 5008 5000 4700 5015 5024 5035 5048 5063 5080 5099 5119 5141 4827 4438 4427 4712 4904 5220 5249 5281 5314 5348 5385 5423 5462 5503 5323 5147 4876 4701 4527 4661 4780 4887 5300 5333 5635 5682 5730 5780 5830 5883 5936 5990 6046 5920 5608 4879 4669 4534 4404 4280 4161 3687 3820 3959 4103 4252 3883 3720 3560 3405 3255 3413 3794 3201 3046 3001 3224 3162 2745 2624 2343 2408 2193 2121 1769 1562 1526 1360 1431 1170 1315 1414 1431 1612 1711 1811 1726 1941 2009 2100 2200 2209 2220 2507 2517 2729 3300 
3700 3006 3000 2807 2607 2400 2209 2009 1910 1811 1612 1600 1414 1216 1118 1000 921 640 632 509 412 360 282 0 282 600 538 860 1341 1414 1019 1300 1897 2012 1923 2163 2080 2360 2662 2745 2842 3124 3162 3440 3498 3671 3847 4024 3956 4237 4176 4177 4418 4504 4011 4044 4341 4455 4850 5215 5200 5203 4904 5234 5246 5261 5277 5295 5315 5336 5360 5385 5069 4684 4681 4964 5162 5470 5502 5536 5571 5608 5646 5685 5727 5769 5594 5420 5147 4973 4802 4940 5060 5162 5575 5608 5905 5953 6003 6053 6105 6158 6212 6268 6324 6200 5889 5162 4951 4816 4686 4560 4440 3969 4103 4242 4386 4534 4161 4000 3841 3687 3538 3689 4049 3448 3310 3275 3498 3440 3023 2906 2624 2690 2475 2404 2051 1843 1802 1640 1700 1431 1552 1649 1676 1843 1941 2039 1964 2184 2236 2308 2408 2433 2451 2729 2745 2961 3505 
3905 3200 3206 3000 2800 2607 2400 2200 2100 2000 1800 1811 1600 1400 1300 1216 1100 670 565 424 360 500 400 282 0 447 300 583 1077 1200 894 1220 1788 1941 1860 2126 2051 2334 2624 2701 2828 3111 3124 3405 3440 3605 3773 3944 3848 4123 4049 4026 4242 4318 3801 3820 4119 4229 4627 5003 5000 5015 4716 5063 5080 5099 5119 5141 5166 5192 5220 5249 4933 4554 4569 4846 5056 5348 5385 5423 5462 5503 5546 5590 5635 5682 5522 5353 5077 4909 4743 4904 5032 5103 5521 5547 5830 5883 5936 5990 6046 6103 6161 6220 6280 6171 5872 5173 4967 4841 4720 4604 4494 4000 4123 4252 4386 4525 4123 3969 3820 3676 3538 3758 4176 3590 3417 3354 3577 3498 3088 2941 2662 2720 2483 2420 2080 1843 1878 1700 1802 1552 1711 1811 1824 2009 2109 2209 2121 2334 2408 2500 2600 2607 2617 2906 2915 3125 3700 
4300 3605 3600 3405 3206 3000 2807 2607 2507 2408 2209 2200 2009 1811 1711 1600 1513 1118 1000 860 806 921 824 600 447 0 223 509 1200 1456 1280 1627 2163 2343 2267 2545 2475 2758 3041 3114 3255 3538 3538 3820 3841 4000 4161 4326 4205 4472 4386 4332 4512 4570 4011 4000 4300 4401 4801 5203 5223 5261 4964 5336 5360 5385 5412 5440 5470 5502 5536 5571 5255 4884 4919 5189 5412 5685 5727 5769 5813 5859 5905 5953 6003 6053 5907 5742 5464 5300 5140 5315 5448 5500 5920 5940 6212 6268 6324 6382 6440 6500 6560 6621 6684 6585 6293 5608 5403 5280 5161 5047 4939 4440 4560 4686 4816 4951 4534 4386 4242 4103 3969 4205 4617 4026 3862 3801 4024 3944 3535 3383 3106 3162 2920 2860 2523 2280 2325 2147 2247 1992 2137 2236 2256 2433 2531 2630 2549 2765 2828 2906 3006 3026 3041 3324 3337 3551 4104 
4204 3500 3505 3300 3100 2906 2700 2500 2400 2300 2100 2109 1900 1700 1600 1513 1400 948 806 670 632 800 700 538 300 223 0 360 1004 1236 1063 1414 1941 2126 2051 2334 2267 2549 2828 2900 3047 3330 3324 3606 3623 3780 3940 4104 3982 4248 4162 4110 4295 4356 3805 3801 4101 4204 4604 5000 5015 5048 4751 5119 5141 5166 5192 5220 5249 5281 5314 5348 5032 4661 4695 4965 5188 5462 5503 5546 5590 5635 5682 5730 5780 5830 5685 5521 5243 5080 4920 5099 5234 5280 5700 5720 5990 6046 6103 6161 6220 6280 6341 6403 6466 6370 6081 5403 5200 5080 4964 4854 4750 4243 4360 4482 4609 4742 4318 4172 4031 3894 3764 4024 4464 3883 3700 3624 3848 3758 3354 3190 2915 2968 2720 2662 2332 2080 2154 1969 2088 1843 2009 2109 2121 2308 2408 2507 2418 2630 2707 2800 2900 2906 2915 3206 3214 3423 4000 
4428 3712 3733 3512 3313 3140 2915 2716 2617 2517 2319 2353 2121 1923 1824 1772 1627 1100 905 800 806 1044 948 860 583 509 360 0 707 1029 1029 1389 1838 2061 2000 2302 2247 2523 2780 2842 3023 3301 3264 3546 3535 3679 3828 3982 3827 4081 3982 3900 4052 4100 3522 3501 3801 3900 4300 4709 4738 4785 4491 4876 4904 4933 4964 4997 5032 5069 5107 5147 4833 4472 4527 4788 5024 5277 5323 5371 5420 5470 5522 5575 5630 5685 5560 5403 5122 4967 4816 5020 5166 5173 5597 5608 5860 5920 5981 6044 6107 6171 6236 6303 6370 6293 6020 5382 5186 5077 4973 4876 4785 4254 4356 4465 4580 4701 4244 4110 3982 3860 3744 4085 4589 4031 3807 3700 3921 3807 3417 3220 2954 2996 2729 2683 2376 2102 2256 2061 2220 2002 2202 2302 2300 2501 2601 2701 2600 2801 2901 3014 3114 3101 3100 3401 3400 3601 4210 
4464 3736 3794 3544 3352 3231 2973 2785 2692 2600 2416 2505 2236 2059 1972 2000 1802 1220 1000 989 1063 1345 1280 1341 1077 1200 1004 707 0 447 824 1100 1341 1615 1581 1897 1868 2118 2325 2370 2600 2863 2778 3052 3000 3124 3255 3394 3201 3440 3328 3220 3352 3395 2816 2800 3100 3201 3601 4004 4031 4079 3785 4176 4205 4237 4272 4308 4346 4386 4428 4472 4159 3807 3883 4134 4382 4614 4664 4716 4770 4825 4882 4940 5000 5060 4957 4810 4527 4384 4244 4482 4640 4596 5020 5020 5249 5315 5381 5448 5517 5586 5656 5728 5800 5748 5500 4924 4741 4651 4569 4494 4427 3862 3939 4024 4118 4219 3720 3605 3498 3400 3310 3785 4404 3905 3605 3436 3649 3492 3140 2886 2647 2668 2376 2353 2109 1811 2109 1910 2137 1992 2247 2340 2308 2529 2624 2720 2596 2765 2912 3067 3162 3104 3080 3395 3373 3551 4220 
4143 3417 3492 3231 3046 2952 2683 2505 2418 2332 2163 2280 2000 1843 1769 1843 1627 1081 894 948 1044 1300 1264 1414 1200 1456 1236 1029 447 0 565 728 894 1170 1140 1456 1431 1676 1878 1923 2154 2416 2332 2607 2561 2690 2828 2973 2801 3052 2952 2879 3059 3125 2601 2630 2927 3041 3436 3805 3801 3820 3522 3883 3905 3929 3956 3984 4016 4049 4085 4123 3807 3443 3498 3758 3996 4248 4294 4341 4390 4441 4494 4548 4604 4661 4545 4393 4110 3962 3818 4045 4201 4172 4596 4601 4841 4904 4967 5032 5099 5166 5234 5303 5374 5315 5060 4477 4294 4204 4123 4049 3984 3417 3492 3577 3671 3773 3280 3162 3052 2952 2863 3354 4000 3522 3200 3014 3224 3059 2716 2451 2220 2236 1941 1923 1700 1400 1746 1552 1802 1700 1972 2059 2012 2236 2325 2416 2284 2435 2600 2773 2863 2785 2751 3067 3036 3201 3889 
3640 2912 2973 2720 2529 2416 2154 1969 1878 1788 1612 1720 1442 1280 1204 1280 1063 538 400 509 608 806 800 1019 894 1280 1063 1029 824 565 0 360 894 1063 989 1280 1220 1500 1769 1838 2000 2280 2262 2545 2561 2720 2884 3052 2954 3231 3162 3157 3405 3500 3041 3104 3395 3517 3905 4242 4210 4200 3900 4219 4229 4242 4257 4275 4295 4317 4341 4368 4052 3668 3676 3956 4162 4459 4494 4531 4569 4609 4651 4695 4741 4788 4632 4465 4188 4022 3860 4036 4172 4220 4640 4661 4939 4992 5047 5103 5161 5220 5280 5341 5403 5307 5020 4360 4161 4049 3944 3847 3757 3224 3328 3440 3560 3687 3255 3111 2973 2842 2720 3067 3622 3100 2828 2692 2912 2785 2404 2193 1931 1969 1700 1655 1360 1077 1300 1100 1315 1170 1431 1523 1486 1708 1802 1897 1772 1941 2088 2247 2340 2280 2256 2570 2549 2729 3395 
3417 2692 2773 2507 2325 2247 1972 1802 1720 1640 1486 1627 1345 1220 1166 1300 1077 707 670 806 894 1019 1044 1300 1220 1627 1414 1389 1100 728 360 0 608 721 640 921 860 1140 1414 1486 1640 1920 1910 2193 2220 2385 2555 2729 2657 2941 2886 2915 3201 3313 2912 3008 3289 3417 3794 4100 4044 4011 3712 4001 4004 4011 4019 4031 4044 4060 4079 4100 3785 3395 3383 3668 3862 4176 4205 4237 4272 4308 4346 4386 4428 4472 4304 4134 3858 3689 3522 3687 3820 3883 4301 4326 4614 4664 4716 4770 4825 4882 4940 5000 5060 4957 4666 4000 3801 3689 3584 3488 3401 2865 2968 3080 3201 3330 2906 2758 2617 2483 2360 2720 3306 2807 2507 2353 2570 2435 2061 1838 1581 1615 1341 1300 1019 728 1019 824 1077 1000 1280 1360 1303 1526 1612 1700 1565 1708 1878 2059 2147 2061 2024 2340 2308 2473 3162 
3584 2884 3000 2720 2561 2545 2262 2126 2061 2000 1886 2059 1788 1708 1676 1843 1627 1315 1264 1392 1486 1627 1649 1897 1788 2163 1941 1838 1341 894 894 608 0 300 316 600 608 806 984 1029 1264 1523 1442 1720 1697 1843 2000 2163 2061 2340 2280 2308 2607 2729 2376 2505 2773 2906 3269 3544 3471 3423 3125 3400 3401 3405 3413 3423 3436 3452 3471 3492 3178 2789 2785 3067 3269 3573 3605 3640 3676 3716 3757 3801 3847 3894 3744 3580 3301 3140 2983 3182 3330 3342 3764 3780 4049 4104 4161 4220 4280 4341 4404 4468 4534 4455 4186 3584 3400 3310 3231 3162 3104 2529 2600 2683 2778 2884 2408 2280 2163 2059 1969 2507 3224 2816 2433 2202 2400 2209 1902 1603 1403 1400 1100 1104 984 721 1204 1063 1345 1389 1664 1720 1640 1843 1910 1979 1838 1920 2126 2334 2408 2280 2220 2523 2469 2594 3312 
3328 2640 2765 2483 2334 2343 2061 1941 1886 1835 1746 1931 1676 1627 1612 1802 1600 1392 1389 1526 1612 1708 1746 2012 1941 2343 2126 2061 1615 1170 1063 721 300 0 100 300 316 509 721 781 984 1252 1204 1486 1500 1664 1835 2012 1964 2256 2220 2302 2647 2789 2505 2662 2915 3052 3400 3640 3544 3471 3178 3413 3405 3401 3400 3401 3405 3413 3423 3436 3125 2729 2692 2983 3162 3492 3517 3544 3573 3605 3640 3676 3716 3757 3584 3413 3138 2968 2801 2973 3111 3162 3580 3605 3894 3944 3996 4049 4104 4161 4220 4280 4341 4244 3962 3328 3138 3041 2954 2879 2816 2247 2325 2418 2523 2640 2193 2051 1920 1802 1700 2209 2927 2529 2137 1902 2100 1910 1603 1303 1104 1100 800 806 721 500 1000 894 1166 1264 1523 1565 1476 1664 1720 1780 1640 1697 1910 2126 2193 2051 1984 2280 2220 2332 3052 
3275 2580 2701 2420 2267 2267 1984 1860 1802 1749 1655 1838 1581 1529 1513 1702 1500 1300 1303 1442 1526 1615 1655 1923 1860 2267 2051 2000 1581 1140 989 640 316 100 0 316 300 538 781 848 1029 1303 1272 1555 1581 1749 1923 2102 2061 2353 2319 2402 2745 2886 2594 2745 3001 3138 3488 3733 3640 3569 3275 3512 3505 3501 3500 3501 3505 3512 3522 3535 3224 2828 2789 3080 3257 3590 3613 3640 3668 3700 3733 3769 3807 3848 3671 3498 3224 3052 2884 3047 3182 3244 3661 3689 3982 4031 4081 4134 4188 4243 4301 4360 4420 4318 4031 3383 3190 3088 2996 2915 2846 2284 2370 2469 2580 2701 2267 2121 1984 1860 1749 2220 2915 2500 2121 1900 2102 1923 1600 1315 1100 1104 806 800 670 424 921 806 1081 1170 1431 1476 1389 1581 1640 1702 1562 1627 1838 2051 2121 1984 1920 2220 2163 2282 3001 
3080 2408 2545 2262 2126 2163 1886 1788 1746 1708 1649 1843 1612 1600 1603 1811 1627 1526 1562 1702 1780 1835 1886 2163 2126 2545 2334 2302 1897 1456 1280 921 600 300 316 0 100 223 500 583 721 1000 1000 1280 1341 1523 1708 1897 1910 2209 2200 2334 2720 2879 2662 2842 3080 3220 3551 3757 3640 3544 3257 3452 3436 3423 3413 3405 3401 3400 3401 3405 3101 2701 2630 2927 3080 3436 3452 3471 3492 3517 3544 3573 3605 3640 3443 3264 2996 2817 2641 2780 2906 3001 3413 3448 3757 3801 3847 3894 3944 3996 4049 4104 4161 4045 3748 3080 2884 2778 2683 2600 2529 1969 2059 2163 2280 2408 2000 1843 1697 1562 1442 1910 2630 2247 1843 1603 1800 1612 1303 1004 806 800 500 509 500 400 854 806 1044 1204 1431 1456 1360 1523 1565 1612 1476 1500 1720 1941 2000 1843 1769 2051 1984 2080 2801 
3023 2343 2475 2193 2051 2080 1802 1700 1655 1615 1552 1746 1513 1500 1503 1711 1529 1442 1486 1627 1702 1749 1802 2080 2051 2475 2267 2247 1868 1431 1220 860 608 316 300 100 0 282 583 670 781 1063 1081 1360 1431 1615 1802 1992 2009 2308 2300 2433 2816 2973 2745 2920 3162 3301 3635 3848 3733 3640 3352 3551 3535 3522 3512 3505 3501 3500 3501 3505 3201 2801 2729 3026 3178 3535 3551 3569 3590 3613 3640 3668 3700 3733 3534 3354 3087 2906 2729 2860 2983 3088 3498 3535 3848 3891 3935 3982 4031 4081 4134 4188 4243 4123 3820 3140 2941 2830 2729 2640 2563 2012 2109 2220 2343 2475 2080 1920 1769 1627 1500 1923 2617 2213 1824 1600 1802 1627 1300 1019 800 806 509 500 424 300 761 707 948 1104 1334 1360 1264 1431 1476 1526 1389 1421 1640 1860 1920 1769 1697 1984 1920 2024 2745 
2983 2334 2483 2202 2080 2147 1878 1802 1772 1746 1711 1910 1700 1711 1726 1941 1772 1720 1769 1910 1984 2024 2080 2360 2334 2758 2549 2523 2118 1676 1500 1140 806 509 538 223 282 0 316 412 500 781 806 1081 1170 1360 1552 1746 1800 2100 2109 2280 2692 2863 2701 2900 3124 3264 3580 3758 3624 3511 3231 3395 3373 3354 3337 3324 3313 3306 3301 3300 3001 2601 2507 2807 2942 3313 3324 3337 3354 3373 3395 3420 3448 3478 3269 3087 2823 2640 2459 2580 2701 2817 3224 3264 3584 3624 3667 3712 3758 3807 3858 3911 3966 3841 3538 2860 2662 2555 2459 2376 2308 1746 1835 1941 2061 2193 1802 1640 1486 1345 1220 1702 2451 2102 1676 1414 1603 1403 1118 800 632 608 316 360 509 538 905 905 1104 1303 1503 1513 1414 1552 1581 1615 1486 1476 1700 1923 1972 1802 1720 1984 1910 1984 2701 
3111 2500 2662 2385 2282 2376 2118 2061 2039 2022 2002 2202 2002 2022 2039 2256 2088 2024 2061 2202 2280 2332 2385 2662 2624 3041 2828 2780 2325 1878 1769 1414 984 721 781 500 583 316 0 100 300 538 500 781 854 1044 1236 1431 1503 1802 1824 2024 2459 2641 2545 2765 2969 3111 3405 3551 3400 3269 2996 3132 3104 3080 3059 3041 3026 3014 3006 3001 2707 2308 2202 2501 2630 3006 3014 3026 3041 3059 3080 3104 3132 3162 2954 2773 2507 2325 2147 2280 2408 2505 2915 2952 3269 3310 3354 3400 3448 3498 3551 3605 3661 3546 3252 2607 2418 2325 2247 2184 2137 1552 1615 1700 1802 1920 1500 1345 1204 1081 984 1612 2435 2163 1700 1392 1552 1315 1118 761 707 640 447 538 800 854 1200 1216 1400 1612 1800 1802 1702 1824 1843 1868 1746 1708 1931 2154 2193 2012 1923 2163 2080 2126 2828 
3182 2580 2745 2469 2370 2469 2213 2158 2137 2121 2102 2302 2102 2121 2137 2353 2184 2109 2140 2280 2360 2418 2469 2745 2701 3114 2900 2842 2370 1923 1838 1486 1029 781 848 583 670 412 100 0 316 509 424 707 761 948 1140 1334 1403 1702 1726 1931 2370 2555 2475 2701 2900 3041 3330 3466 3312 3178 2906 3036 3008 2983 2961 2942 2927 2915 2906 2901 2607 2209 2102 2402 2531 2906 2915 2927 2942 2961 2983 3008 3036 3067 2863 2683 2416 2236 2059 2202 2334 2418 2830 2865 3178 3220 3264 3312 3361 3413 3466 3522 3580 3471 3182 2555 2370 2284 2213 2158 2121 1529 1581 1655 1749 1860 1421 1272 1140 1029 948 1627 2469 2220 1749 1431 1581 1334 1166 806 781 707 538 632 900 948 1300 1315 1500 1711 1900 1902 1802 1923 1941 1964 1843 1802 2024 2247 2284 2102 2012 2247 2163 2202 2900 
2906 2332 2505 2236 2154 2280 2039 2009 2002 2000 2009 2209 2039 2088 2118 2340 2193 2202 2262 2404 2475 2500 2561 2842 2828 3255 3047 3023 2600 2154 2000 1640 1264 984 1029 721 781 500 300 316 0 282 400 632 800 1000 1200 1400 1552 1843 1897 2147 2607 2801 2765 3000 3189 3330 3606 3720 3551 3400 3138 3231 3195 3162 3132 3104 3080 3059 3041 3026 2745 2353 2209 2507 2601 3001 3000 3001 3006 3014 3026 3041 3059 3080 2846 2657 2404 2213 2024 2109 2220 2376 2773 2823 3162 3195 3231 3269 3310 3354 3400 3448 3498 3360 3047 2360 2163 2059 1969 1897 1843 1264 1341 1442 1562 1697 1341 1166 1000 848 721 1315 2154 1920 1442 1118 1264 1019 860 500 538 447 412 509 854 1000 1236 1300 1431 1676 1824 1811 1711 1800 1802 1811 1702 1627 1843 2061 2088 1897 1802 2012 1923 1941 2624 
2941 2416 2600 2340 2280 2433 2209 2200 2202 2209 2236 2433 2280 2340 2376 2600 2459 2483 2545 2687 2758 2780 2842 3124 3111 3538 3330 3301 2863 2416 2280 1920 1523 1252 1303 1000 1063 781 538 509 282 0 282 400 632 824 1019 1216 1431 1708 1788 2080 2561 2765 2801 3052 3220 3360 3612 3687 3500 3328 3080 3130 3087 3046 3008 2973 2941 2912 2886 2863 2596 2213 2039 2334 2402 2816 2807 2801 2800 2801 2807 2816 2828 2844 2596 2404 2158 1964 1772 1835 1941 2118 2507 2563 2912 2941 2973 3008 3046 3087 3130 3176 3224 3080 2765 2080 1886 1788 1708 1649 1612 1019 1077 1166 1280 1414 1077 894 721 565 447 1170 2059 1910 1414 1063 1166 894 860 538 700 600 670 761 1118 1280 1486 1565 1676 1931 2061 2039 1941 2009 2002 2000 1902 1802 2009 2220 2236 2039 1941 2118 2024 2012 2662 
3220 2683 2863 2600 2529 2668 2433 2408 2402 2400 2408 2607 2433 2473 2500 2720 2563 2523 2561 2701 2780 2830 2884 3162 3124 3538 3324 3264 2778 2332 2262 1910 1442 1204 1272 1000 1081 806 500 424 400 282 0 282 400 600 800 1000 1170 1456 1523 1802 2280 2483 2523 2778 2941 3080 3330 3405 3220 3052 2801 2863 2823 2785 2751 2720 2692 2668 2647 2630 2353 1964 1811 2109 2202 2601 2600 2601 2607 2617 2630 2647 2668 2692 2469 2284 2024 1838 1655 1780 1910 2012 2418 2459 2785 2823 2863 2906 2952 3001 3052 3106 3162 3047 2758 2147 1969 1897 1843 1811 1800 1200 1216 1264 1341 1442 1000 848 721 632 600 1431 2332 2193 1697 1345 1442 1166 1140 806 921 824 806 905 1236 1341 1627 1676 1824 2061 2220 2209 2109 2200 2202 2209 2102 2022 2236 2451 2473 2280 2184 2376 2284 2282 2941 
3275 2785 2973 2720 2668 2828 2607 2600 2601 2607 2630 2828 2668 2720 2751 2973 2823 2801 2842 2983 3061 3106 3162 3440 3405 3820 3606 3546 3052 2607 2545 2193 1720 1486 1555 1280 1360 1081 781 707 632 400 282 0 282 447 632 824 1081 1341 1442 1769 2262 2475 2594 2863 3001 3138 3360 3394 3189 3000 2765 2778 2729 2683 2640 2600 2563 2529 2500 2473 2213 1838 1649 1941 2002 2418 2408 2402 2400 2402 2408 2418 2433 2451 2213 2024 1772 1581 1392 1500 1627 1746 2147 2193 2529 2563 2600 2640 2683 2729 2778 2830 2884 2765 2475 1878 1708 1649 1612 1600 1612 1019 1000 1019 1077 1166 721 565 447 400 447 1360 2280 2220 1720 1360 1414 1131 1208 921 1100 1000 1044 1140 1486 1612 1868 1931 2061 2308 2451 2433 2334 2408 2402 2400 2302 2202 2408 2617 2630 2433 2334 2500 2404 2376 3001 
3551 3046 3231 2973 2912 3059 2828 2807 2801 2800 2807 3006 2828 2863 2886 3104 2941 2865 2884 3023 3106 3176 3224 3498 3440 3841 3623 3535 3000 2561 2561 2220 1697 1500 1581 1341 1431 1170 854 761 800 632 400 282 0 200 400 600 806 1077 1166 1486 1979 2193 2325 2600 2729 2865 3080 3111 2906 2720 2483 2505 2459 2416 2376 2340 2308 2280 2256 2236 1964 1581 1414 1711 1802 2202 2200 2202 2209 2220 2236 2256 2280 2308 2102 1923 1655 1476 1303 1486 1640 1664 2080 2109 2416 2459 2505 2555 2607 2662 2720 2780 2842 2758 2500 1992 1843 1811 1800 1811 1843 1264 1216 1200 1216 1264 721 632 600 632 721 1640 2561 2500 2000 1640 1697 1414 1476 1170 1315 1216 1204 1303 1627 1708 2022 2061 2220 2451 2617 2607 2507 2600 2601 2607 2501 2418 2630 2844 2863 2668 2570 2751 2657 2640 3275 
3721 3231 3417 3162 3104 3255 3026 3006 3001 3000 3006 3206 3026 3059 3080 3298 3132 3041 3052 3190 3275 3354 3400 3671 3605 4000 3780 3679 3124 2690 2720 2385 1843 1664 1749 1523 1615 1360 1044 948 1000 824 600 447 200 0 200 400 640 894 1000 1345 1843 2061 2247 2529 2640 2773 2968 2973 2758 2561 2334 2332 2282 2236 2193 2154 2118 2088 2061 2039 1772 1392 1216 1513 1603 2002 2000 2002 2009 2022 2039 2061 2088 2118 1923 1749 1476 1303 1140 1360 1526 1500 1920 1941 2236 2282 2332 2385 2441 2500 2561 2624 2690 2624 2385 1941 1811 1800 1811 1843 1897 1341 1264 1216 1200 1216 632 600 632 721 848 1769 2690 2662 2163 1802 1843 1562 1655 1360 1513 1414 1403 1503 1824 1897 2220 2256 2418 2647 2816 2807 2707 2800 2801 2807 2701 2617 2828 3041 3059 2863 2765 2941 2846 2823 3448 
3894 3417 3605 3352 3298 3452 3224 3206 3201 3200 3206 3405 3224 3255 3275 3492 3324 3220 3224 3361 3448 3534 3577 3847 3773 4161 3940 3828 3255 2828 2884 2555 2000 1835 1923 1708 1802 1552 1236 1140 1200 1019 800 632 400 200 0 200 500 721 848 1220 1720 1941 2184 2473 2563 2692 2865 2842 2617 2408 2193 2163 2109 2059 2012 1969 1931 1897 1868 1843 1581 1208 1019 1315 1403 1802 1800 1802 1811 1824 1843 1868 1897 1931 1749 1581 1303 1140 989 1252 1431 1345 1769 1780 2059 2109 2163 2220 2280 2343 2408 2475 2545 2500 2282 1910 1800 1811 1843 1897 1969 1442 1341 1264 1216 1200 600 632 721 848 1000 1910 2828 2830 2332 1972 2000 1720 1838 1552 1711 1612 1603 1702 2022 2088 2418 2451 2617 2844 3014 3006 2906 3000 3001 3006 2901 2816 3026 3238 3255 3059 2961 3132 3036 3008 3623 
4070 3605 3794 3544 3492 3649 3423 3405 3401 3400 3405 3605 3423 3452 3471 3687 3517 3401 3400 3535 3623 3716 3757 4024 3944 4326 4104 3982 3394 2973 3052 2729 2163 2012 2102 1897 1992 1746 1431 1334 1400 1216 1000 824 600 400 200 0 412 565 721 1118 1612 1835 2137 2433 2500 2624 2773 2720 2483 2262 2061 2000 1941 1886 1835 1788 1746 1708 1676 1649 1392 1029 824 1118 1204 1603 1600 1603 1612 1627 1649 1676 1708 1746 1581 1421 1140 989 860 1170 1360 1204 1627 1627 1886 1941 2000 2061 2126 2193 2262 2334 2408 2385 2193 1900 1811 1843 1897 1969 2059 1562 1442 1341 1264 1216 632 721 848 1000 1166 2061 2973 3001 2505 2147 2163 1886 2024 1746 1910 1811 1802 1902 2220 2280 2617 2647 2816 3041 3214 3206 3106 3200 3201 3206 3101 3014 3224 3436 3452 3255 3157 3324 3228 3195 3801 
4356 3848 4031 3769 3700 3832 3590 3551 3535 3522 3505 3705 3500 3505 3512 3721 3535 3352 3324 3453 3546 3668 3700 3956 3848 4205 3982 3827 3201 2801 2954 2657 2061 1964 2061 1910 2009 1800 1503 1403 1552 1431 1170 1081 806 640 500 412 0 300 360 721 1220 1442 1726 2022 2088 2213 2370 2343 2121 1920 1697 1700 1655 1615 1581 1552 1529 1513 1503 1500 1204 806 728 1019 1208 1529 1552 1581 1615 1655 1700 1749 1802 1860 1769 1640 1360 1252 1170 1529 1726 1476 1886 1860 2051 2121 2193 2267 2343 2420 2500 2580 2662 2683 2529 2302 2220 2256 2308 2376 2459 1941 1835 1746 1676 1627 1044 1118 1220 1345 1486 2404 3324 3301 2801 2441 2483 2202 2282 1969 2088 1992 1923 2022 2302 2308 2701 2701 2901 3101 3301 3306 3206 3324 3337 3354 3238 3178 3395 3613 3640 3448 3352 3546 3453 3443 4081 
4614 4123 4308 4049 3984 4123 3883 3847 3832 3820 3805 4004 3800 3805 3811 4019 3832 3640 3605 3733 3827 3956 3984 4237 4123 4472 4248 4081 3440 3052 3231 2941 2340 2256 2353 2209 2308 2100 1802 1702 1843 1708 1456 1341 1077 894 721 565 300 0 200 608 1077 1300 1700 2000 2022 2137 2247 2163 1920 1697 1500 1442 1389 1341 1300 1264 1236 1216 1204 1200 905 509 447 728 943 1236 1264 1300 1341 1389 1442 1500 1562 1627 1581 1476 1208 1140 1104 1500 1700 1360 1746 1700 1843 1920 2000 2080 2163 2247 2332 2418 2505 2563 2451 2334 2280 2340 2416 2505 2607 2126 2000 1886 1788 1708 1166 1280 1414 1562 1720 2624 3538 3551 3052 2692 2720 2441 2549 2247 2376 2280 2220 2319 2601 2607 3001 3001 3201 3401 3601 3605 3505 3622 3634 3649 3535 3471 3687 3905 3929 3736 3640 3827 3733 3716 4341 
4716 4204 4386 4123 4049 4176 3929 3883 3863 3847 3820 4019 3805 3800 3801 4004 3811 3590 3544 3668 3764 3905 3929 4176 4049 4386 4162 3982 3328 2952 3162 2886 2280 2220 2319 2200 2300 2109 1824 1726 1897 1788 1523 1442 1166 1000 848 721 360 200 0 412 894 1118 1500 1800 1824 1941 2061 2000 1769 1562 1345 1341 1300 1264 1236 1216 1204 1200 1204 1216 905 509 565 806 1063 1300 1341 1389 1442 1500 1562 1627 1697 1769 1749 1655 1392 1334 1303 1700 1900 1552 1931 1878 2000 2080 2163 2247 2332 2418 2505 2594 2683 2751 2647 2531 2473 2529 2600 2683 2778 2280 2163 2059 1969 1897 1341 1442 1562 1697 1843 2758 3676 3661 3162 2801 2842 2561 2641 2325 2435 2340 2256 2353 2617 2600 3014 3001 3214 3401 3612 3622 3522 3649 3667 3687 3569 3517 3736 3956 3984 3794 3700 3900 3807 3801 4441 
